964642667
964640287
964636892
964636056
964634908
964633199
964632637
964630567
964630312
964627728
964627215
964627187
964626735
964626459
964626225
964626020
964624055
964623459
964623240
964622923
964622640
964622246
964622236
964622140
964621936
964621784
964621716
964621576
964621529
964621443
964621128
964621079
964620811
964620586
964620431
964620119
964619871
964619780
964619698
964619688
964619504
964619495
964618826
964618567
964618342
964618193
964618003
964617860
964617847
964617662
964617580
964617426
964617343
964617198
964617093
964617071
964617047
964616941
964616811
964616612
964616592
964616493
964616233
964616004
964616002
964615979
964615975
964615953
964615897
964615830
964615433
964615371
964615350
964615151
964614977
964614975
964614963
964614654
964614654
964614648
964614473
964614453
964614168
964614160
964614155
964613960
964613899
964613880
964613809
964613429
964613401
964613169
964612737
964612709
964612612
964612355
964612192
964612116
964612102
964612019
964611960
964611887
964611806
964611769
964611716
964611706
964611666
964611644
964611604
964611596
964611581
964611306
964611306
964611259
964611202
964611157
964610972
964610971
964610914
964610773
964610682
964610657
964610650
964610474
964610447
964610446
964610307
964610282
964610163
964609951
964609943
964609933
964609887
964609883
964609882
964609814
964609612
964609609
964609533
964609306
964609292
964609268
964609211
964609147
964609092
964609066
964608974
964608957
964608920
964608894
964608836
964608821
964608776
964679755
964679508
964676622
964672352
964669635
964668771
964666628
964666534
964666139
964665620
964665194
964664977
964664516
964664489
964664445
964664242
964664086
964663841
964663117
964663072
964663008
964663008
964662965
964662944
964662550
964662466
964662170
964661940
964661161
964660911
964660699
964660665
964660398
964660317
964660160
964660159
964660113
964659571
964659415
964659292
964659280
964659192
964659062
964659055
964659033
964658911
964658709
964658680
964658672
964658364
964658357
964658241
964658148
964658144
964657999
964657870
964657840
964657775
964657738
964657637
964657622
964657575
964657315
964657017
964657016
964656582
964656384
964656122
964656001
964655831
964655804
964655744
964655726
964655723
964655608
964655507
964655482
964655300
964655283
964655239
964655204
964655081
964654961
964654890
964654755
964654693
964654643
964654601
964654367
964654222
964654185
964654166
964654114
964654083
964654062
964654016
964653901
964653800
964653777
964653747
964653707
964653704
964653321
964653267
964653228
964653160
964653137
964653024
964653009
964652803
964652745
964652644
964652484
964652431
964652430
964652383
964652207
964652115
964652082
964651910
964651890
964651876
964651706
964651560
964651462
964651422
964651349
964651279
964651099
964651029
964650988
964650906
964650899
964650835
964650791
964650768
964650657
964650617
964650534
964650507
964650498
964650487
964650452
964650379
964650376
964650167
964650165
964650133
964650121
964650104
964650097
964649958
964649766
964649609
964649607
964649601
964649550
964649546
964649467
964649350
964649315
964649289
964649141
964649123
964649118
964649097
964679755
964679508
964677449
964676622
964674194
964673683
964672352
964670975
964670320
964669635
964669633
964669023
964668771
964666714
964666628
964666534
964666355
964666139
964665620
964665194
964664977
964664916
964664516
964664489
964664445
964664293
964664242
964664086
964663841
964663117
964663072
964663008
964662965
964662944
964662602
964662550
964662466
964662170
964661940
964661765
964661161
964660911
964660699
964660665
964660398
964660317
964660160
964660159
964660113
964659571
964659415
964659292
964659280
964659273
964659192
964659127
964659062
964659055
964659038
964659033
964658911
964658709
964658680
964658672
964658364
964658357
964658241
964658224
964658148
964658144
964658111
964657999
964657977
964657870
964657840
964657775
964657738
964657637
964657622
964657575
964657315
964657150
964657017
964657016
964656582
964656449
964656447
964656384
964656122
964656095
964656001
964655902
964655831
964655804
964655744
964655726
964655723
964655608
964655507
964655482
964655482
964655300
964655283
964655239
964655204
964655081
964654961
964654890
964654755
964654693
964654643
964654601
964654367
964654222
964654185
964654166
964654114
964654083
964654062
964654016
964653901
964653800
964653777
964653747
964653707
964653704
964653594
964653321
964653267
964653228
964653160
964653137
964653024
964653009
964652803
964652745
964652644
964652484
964652431
964652430
964652383
964652207
964652115
964652082
964651910
964651890
964651876
964651828
964651706
964651560
964651462
964651422
964651349
964651279
964651099
964651030
964651029
964650988
964650906
964650899
964650835
964650791
964650768
964650657
964650617
964650580
964650534
964650507
966815793
966813829
966805940
966805261
966804842
966803730
966800198
966796486
966795180
966794178
966793815
966792908
966791799
966791452
966791269
966791185
966790875
966790803
966790504
966790219
966789953
966789743
966789423
966789412
966789285
966788938
966788364
966788192
966788156
966788005
966787755
966787725
966787409
966787271
966787027
966786927
966786918
966786840
966786816
966786798
966786781
966785941
966785888
966785840
966785840
966785628
966785466
966785451
966784905
966784793
966784777
966784585
966784291
966784114
966784109
966784089
966783915
966783914
966783846
966783823
966783742
966783719
966783651
966783570
966783539
966783494
966783464
966783273
966783252
966783248
966783177
966783084
966783037
966783010
966782969
966782942
966782887
966782705
966782651
966782306
966782113
966782073
966782044
966781865
966781728
966781570
966781543
966781434
966781362
966781239
966781236
966781221
966781109
966781042
966781040
966780963
966780921
966780914
966780874
966780805
966780801
966780763
966780575
966780522
966780473
966780389
966780363
966780347
966780258
966780154
966780139
966779972
966779957
966779944
966779931
966779846
966779732
966779653
966779592
966779521
966779502
966779359
966779347
966779315
966779315
966779290
966779190
966779189
966779176
966779131
966779094
966779084
966779060
966779044
966778982
966778977
966778952
966778948
966778890
966778843
966778754
966778663
966778619
966778601
966778579
966778476
966778428
966778384
966778259
966778207
966778168
966778144
966778089
966778018
966777996
966777911
966777863
966777843
966777749
966777689
966777668
966777646
966777610
966777565
966777509
966777378
966777376
966777350
967471294
967470555
967468282
967467746
967459275
967458255
967458030
967457190
967452143
967449058
967447183
967441135
967437730
967436909
967434705
967434580
967433805
967433804
967433801
967429314
967429224
967428220
967428077
967427870
967427227
967426982
967426844
967426736
967425559
967425323
967423545
967423131
967423021
967422814
967422732
967422543
967422437
967422391
967422051
967421412
967421297
967421089
967421081
967420644
967420592
967420591
967420384
967420071
967420067
967419993
967419993
967419983
967419297
967418905
967418662
967418454
967418342
967416894
967416485
967416477
967416334
967415804
967415751
967415558
967415022
967414763
967414584
967414566
967414529
967414450
967414043
967413964
967413938
967413883
967413710
967412892
967412807
967412610
967412607
967412506
967412492
967412492
967412481
967412363
967412254
967412055
967412033
967412020
967411757
967411751
967411725
967411571
967411451
967411445
967411410
967411360
967411038
967410925
967410897
967410847
967410558
967410546
967410516
967410296
967410235
967410057
967409956
967409837
967409743
967409681
967409517
967409382
967409069
967408976
967408945
967408921
967408890
967408794
967408744
967408697
967408569
967408509
967408409
967408205
967408151
967408086
967407947
967407692
967407691
967407560
967407289
967407254
967407147
967406654
967406520
967406436
967406349
967406286
967406201
967406197
967406134
967406010
967405943
967405903
967405744
967405718
967405657
967405462
967405424
967405408
967405138
967405127
967405094
967405000
967404956
967404944
967404823
967404787
967404602
967404578
967404517
967404497
967404497
967404376
967404367
967404367
969053103
969049987
969047930
969046547
969045766
969044521
969042211
969036757
969035360
969033460
969029940
969029608
969029412
969028321
969026759
969026628
969025568
969024567
969024368
969023852
969023683
969023472
969022778
969022375
969022146
969022059
969022011
969021680
969021620
969021175
969020686
969020440
969020252
969019570
969019350
969018680
969018386
969017979
969017920
969017679
969017473
969017199
969017019
969016983
969016134
969016028
969015998
969015860
969015420
969015360
969015316
969014953
969014848
969014568
969014530
969014486
969014059
969013823
969013396
969012983
969012786
969012468
969012145
969012127
969011829
969011742
969011717
969011027
969010891
969010889
969010729
969010703
969010461
969010144
969010075
969009909
969009594
969009395
969009238
969009216
969008966
969008959
969008829
969008456
969007997
969007557
969007400
969007299
969007062
969007012
969006913
969006844
969006821
969006622
969006583
969006455
969006155
969006138
969006132
969006057
969006048
969005770
969005734
969005668
969005579
969005540
969005506
969005445
969005356
969005350
969005297
969004949
969004580
969004555
969004520
969004344
969004277
969004190
969004051
969004044
969004025
969004017
969003961
969003914
969003910
969003910
969003868
969003659
969003549
969003435
969002986
969002751
969002480
969002411
969002321
969002291
969002190
969002135
969001983
969001862
969001764
969001626
969001587
969001233
969001138
969001027
969000877
969000777
969000581
969000556
969000555
969000398
969000365
969000362
968999940
968999896
968999732
968999665
968999575
968999506
969206951
969206490
969201694
969194292
969192411
969192250
969191482
969190684
969187447
969183892
969183865
969181598
969180053
969179070
969178135
969177219
969177091
969176876
969176610
969176546
969176363
969175449
969175246
969174394
969173896
969173828
969173096
969172753
969172539
969172341
969172161
969171951
969171907
969171069
969170788
969170379
969170081
969169340
969169129
969169128
969169106
969168899
969168599
969167932
969167891
969167702
969167702
969167516
969167492
969167405
969167363
969167174
969167165
969167094
969167069
969167063
969166955
969166885
969166855
969166712
969166615
969166185
969166153
969165830
969165751
969165556
969165477
969165399
969165256
969165047
969164997
969164944
969164842
969164785
969164682
969164630
969164585
969164549
969164195
969164173
969164125
969163931
969163290
969163072
969162864
969162727
969162632
969162362
969162318
969162110
969161854
969161835
969161785
969161782
969161665
969161477
969161466
969161429
969161300
969161231
969161221
969161188
969161086
969160918
969160866
969160797
969160740
969160560
969160529
969160522
969160459
969160323
969160293
969160276
969160207
969160067
969160058
969159985
969159976
969159971
969159699
969159674
969159417
969159399
969159392
969159373
969159108
969159045
969159015
969158975
969158924
969158886
969158885
969158876
969158835
969158579
969158540
969158522
969158493
969158370
969158275
969158273
969158122
969158120
969158118
969158091
969158085
969157986
969157976
969157955
969157929
969157908
969157904
969157881
969157851
969157848
969157739
969157709
969157618
969157446
969157365
969157275
969382969
969378932
969372647
969370128
969369585
969368177
969367874
969367240
969365497
969365255
969363977
969363945
969363473
969362669
969362495
969362331
969361812
969361543
969361270
969360625
969360009
969359820
969359679
969359670
969359593
969359187
969358663
969358628
969358351
969358342
969357979
969357779
969357484
969357326
969357295
969357116
969356816
969356646
969356597
969356538
969356491
969356244
969356102
969355765
969355719
969355632
969355583
969355459
969355404
969355371
969355114
969355101
969354983
969354946
969354946
969354887
969354702
969354688
969354521
969354325
969354239
969354103
969354092
969354037
969353979
969353954
969353867
969353844
969353598
969353566
969353443
969353369
969353225
969353209
969353133
969353124
969353106
969353073
969352957
969352908
969352903
969352795
969352764
969352755
969352721
969352691
969352677
969352647
969352541
969352495
969352383
969352346
969352337
969352313
969352297
969352275
969352102
969352102
969351800
969351705
969351678
969351490
969351449
969351351
969351268
969351264
969351186
969351081
969350700
969350662
969350646
969350607
969350596
969350565
969350464
969350449
969350439
969350410
969350237
969350142
969350125
969350098
969350084
969350073
969349936
969349864
969349793
969349729
969349716
969349619
969349616
969349386
969349292
969349286
969349286
969349158
969349056
969348976
969348860
969348749
969348721
969348711
969348664
969348537
969348307
969348287
969348269
969348238
969348088
969348077
969348062
969347975
969347971
969347869
969347852
969347849
969347846
969347835
969347816
969347790
969347706
969347597
969347589
969347585
969347556
969347525
969347524
969347513
969347347
969347306
969347297
969347175
969346951
969346936
969346919
969346842
