1000654128
1000650183
1000648560
1000647670
1000645974
1000644716
1000643774
1000642947
1000641828
1000641627
1000637767
1000636693
1000636524
1000636479
1000635312
1000635131
1000635033
1000634820
1000634687
1000633473
1000633405
1000633363
1000633098
1000633097
1000632975
1000632870
1000632418
1000632371
1000632237
1000631585
1000631214
1000631144
1000630521
1000630331
1000630271
1000630160
1000630030
1000630005
1000629924
1000629867
1000629657
1000629588
1000629585
1000629322
1000629225
1000629219
1000628933
1000628857
1000628760
1000628482
1000628343
1000628234
1000628159
1000628067
1000627954
1000627941
1000627761
1000627673
1000627368
1000627307
1000627210
1000627040
1000626860
1000626732
1000626716
1000626536
1000626532
1000626357
1000626297
1000626284
1000626252
1000626152
1000626079
1000626057
1000626020
1000625896
1000625857
1000625767
1000625757
1000625744
1000625539
1000625435
1000625218
1000625176
1000625164
1000624968
1000624899
1000624860
1000624820
1000624653
1000624587
1000624579
1000624521
1000624439
1000624382
1000624352
1000624307
1000624288
1000624288
1000624266
1000624256
1000624225
1000624168
1000624109
1000624065
1000624051
1000623987
1000623969
1000623816
1000623788
1000623726
1000623724
1000623684
1000623613
1000623567
1000623518
1000623459
1000623444
1000623417
1000623359
1000623303
1000623261
1000623209
1000623181
1000623146
1000623105
1000623089
1000622952
1000622938
1000622747
1000622728
1000622697
1000622571
1000622549
1000622474
1000622450
1000622433
1000622346
1000622309
1000622270
1000622243
1000622234
1000622156
1000622156
1000622046
1000621962
1000621959
1000621956
1000621937
1000621812
1000621795
1000621775
1000621774
1000621686
1000621600
1000621501
1000621430
1000621404
1000621399
1000621393
1000621264
1000621260
1000621257
1000621244
1000621185
1000621163
1000621150
1000621118
1000621098
1000621046
1000621029
1000620958
1000620876
1000620853
1000620750
1000620748
1000620629
1000620606
1000620522
1000620490
1000620464
1000620345
1000620334
1000620308
1000620276
1000620192
1000620158
1000620104
1000620095
1000620006
1000620004
1000619982
1000619979
1000619967
1000619967
1000619961
1000619919
1000619875
1000619875
1000654128
1000653703
1000650324
1000650183
1000648560
1000647670
1000645974
1000644716
1000644077
1000643774
1000642947
1000641828
1000641627
1000640637
1000637767
1000636693
1000636524
1000636479
1000635312
1000635215
1000635131
1000635033
1000634820
1000634687
1000633473
1000633405
1000633377
1000633363
1000633098
1000633097
1000632975
1000632870
1000632418
1000632371
1000632237
1000632032
1000632027
1000631585
1000631214
1000631203
1000631144
1000630521
1000630331
1000630271
1000630160
1000630077
1000630030
1000630005
1000629924
1000629867
1000629657
1000629588
1000629585
1000629322
1000629225
1000629219
1000628933
1000628857
1000628760
1000628482
1000628402
1000628343
1000628234
1000628159
1000628067
1000627954
1000627941
1000627937
1000627817
1000627761
1000627673
1000627441
1000627368
1000627307
1000627210
1000627040
1000626929
1000626860
1000626765
1000626732
1000626716
1000626536
1000626532
1000626357
1000626297
1000626284
1000626252
1000626247
1000626152
1000626079
1000626057
1000626020
1000625896
1000625857
1000625767
1000625757
1000625744
1000625720
1000625720
1000625539
1000625435
1000625218
1000625176
1000625164
1000625113
1000624968
1000624899
1000624860
1000624820
1000624653
1000624587
1000624579
1000624521
1000624479
1000624439
1000624382
1000624352
1000624307
1000624288
1000624266
1000624256
1000624225
1000624168
1000624109
1000624065
1000624051
1000624005
1000623987
1000623969
1000623889
1000623816
1000623788
1000623726
1000623724
1000623684
1000623613
1000623567
1000623518
1000623459
1000623444
1000623417
1000623359
1000623303
1000623261
1000623209
1000623181
1000623146
1000623105
1000623089
1000622952
1000622938
1000622747
1000622728
1000622697
1000622571
1000622549
1000622474
1000622457
1000622454
1000622450
1000622433
1000622346
1000622309
1000622270
1000622243
1000622234
1000622156
1000622046
1000621962
1000621959
1000621956
1000621937
1000621812
1000621795
1000621775
1000621774
1000621686
1000621600
1000621501
1000621430
1000621404
1000621399
1000621393
1000621264
1000621260
1000621257
1000621244
1000621244
1000621185
1000621163
1000621163
1000621163
1000621163
1000655318
1000654128
1000653703
1000651955
1000651062
1000650324
1000650183
1000650017
1000649209
1000648560
1000647670
1000646049
1000645974
1000645559
1000645336
1000645294
1000644716
1000644557
1000644374
1000644077
1000644070
1000643774
1000643338
1000643248
1000643204
1000642947
1000642813
1000642672
1000642491
1000642370
1000642226
1000642217
1000642136
1000641828
1000641627
1000641496
1000641488
1000641450
1000641399
1000641380
1000641242
1000640883
1000640637
1000640319
1000640091
1000640037
1000639964
1000639887
1000639788
1000639754
1000639719
1000639684
1000639205
1000639124
1000639079
1000639025
1000639019
1000638851
1000638787
1000638626
1000638614
1000638553
1000638471
1000638295
1000638276
1000637999
1000637817
1000637767
1000637692
1000637523
1000637332
1000637289
1000637232
1000637046
1000636991
1000636977
1000636714
1000636693
1000636524
1000636479
1000636410
1000636227
1000636199
1000636187
1000636091
1000635550
1000635441
1000635417
1000635408
1000635356
1000635353
1000635320
1000635312
1000635215
1000635161
1000635160
1000635131
1000635088
1000635075
1000635033
1000635015
1000634882
1000634838
1000634820
1000634694
1000634687
1000634604
1000634294
1000634255
1000634123
1000634093
1000634064
1000634064
1000634056
1000633909
1000633676
1000633641
1000633611
1000633606
1000633473
1000633405
1000633380
1000633377
1000633363
1000633202
1000633159
1000633118
1000633098
1000633097
1000633082
1000633065
1000633062
1000633010
1000632975
1000632921
1000632870
1000632537
1000632481
1000632418
1000632388
1000632371
1000632290
1000632262
1000632251
1000632237
1000632169
1000632088
1000632032
1000632027
1000631831
1000631665
1000631656
1000631585
1000631542
1000631504
1000631471
1000631471
1000631442
1000631376
1000631290
1000631214
1000631210
1000631203
1000631194
1000631144
1000631018
1000631017
1000630899
1000630876
1000630800
1000630690
1000630641
1000630577
1000630521
1000630466
1000630331
1000630303
1000630271
1000630160
1000630123
1000630100
1000630077
1000630030
1000630005
1000629979
1000629966
1000629924
1000629867
1000629829
1000629751
1000629710
1000629657
1000629588
1000629585
1000629487
1000629437
1000629432
1000629431
1000629416
1000629328
1000629322
1000629237
1000629225
1000629225
1000671913
1000670895
1000670386
1000668124
1000667123
1000666844
1000666819
1000665574
1000664483
1000659643
1000658637
1000655647
1000655318
1000655316
1000654128
1000653711
1000653703
1000652482
1000652337
1000652285
1000652156
1000651955
1000651778
1000651354
1000651326
1000651198
1000651062
1000650354
1000650324
1000650183
1000650017
1000650008
1000649987
1000649691
1000649596
1000649415
1000649209
1000649085
1000648992
1000648963
1000648887
1000648712
1000648660
1000648560
1000648553
1000648156
1000648124
1000648090
1000647670
1000647563
1000647479
1000647419
1000647384
1000647319
1000647279
1000647128
1000647059
1000646810
1000646600
1000646457
1000646353
1000646049
1000645974
1000645636
1000645635
1000645627
1000645625
1000645625
1000645559
1000645536
1000645336
1000645294
1000645284
1000645187
1000644913
1000644815
1000644769
1000644727
1000644716
1000644676
1000644633
1000644557
1000644475
1000644401
1000644374
1000644285
1000644077
1000644073
1000644070
1000644039
1000643874
1000643816
1000643774
1000643687
1000643528
1000643517
1000643358
1000643338
1000643322
1000643294
1000643248
1000643204
1000642970
1000642947
1000642918
1000642813
1000642742
1000642742
1000642672
1000642491
1000642395
1000642370
1000642351
1000642246
1000642226
1000642217
1000642216
1000642168
1000642136
1000641835
1000641828
1000641676
1000641644
1000641627
1000641496
1000641488
1000641450
1000641399
1000641380
1000641242
1000641156
1000640883
1000640853
1000640848
1000640637
1000640636
1000640594
1000640568
1000640376
1000640319
1000640264
1000640091
1000640057
1000640037
1000640015
1000639964
1000639887
1000639838
1000639830
1000639788
1000639786
1000639754
1000639719
1000639694
1000639684
1000639414
1000639363
1000639337
1000639239
1000639223
1000639205
1000639124
1000639097
1000639079
1000639025
1000639019
1000638866
1000638851
1000638819
1000638787
1000638774
1000638701
1000638626
1000638614
1000638594
1000638592
1000638557
1000638553
1000638471
1000638439
1000638412
1000638295
1000638276
1000638151
1000638137
1000638121
1000638092
1000638040
1000638011
1000637999
1000637817
1000637767
1000671913
1000670895
1000670386
1000668124
1000667123
1000666844
1000666819
1000665574
1000664618
1000664483
1000663373
1000662291
1000662184
1000661348
1000661038
1000660520
1000659643
1000659568
1000659416
1000659287
1000659000
1000658637
1000658303
1000658131
1000657967
1000657530
1000657368
1000657253
1000657076
1000657005
1000657003
1000656584
1000656549
1000656418
1000656340
1000656144
1000655763
1000655647
1000655331
1000655318
1000655316
1000655314
1000655109
1000654640
1000654614
1000654547
1000654370
1000654230
1000654128
1000654087
1000654030
1000653987
1000653920
1000653711
1000653703
1000653589
1000653557
1000653485
1000653445
1000653027
1000652965
1000652942
1000652648
1000652482
1000652423
1000652337
1000652285
1000652285
1000652212
1000652156
1000651955
1000651934
1000651864
1000651778
1000651520
1000651354
1000651342
1000651326
1000651198
1000651195
1000651130
1000651062
1000650985
1000650803
1000650781
1000650688
1000650680
1000650471
1000650391
1000650354
1000650324
1000650196
1000650183
1000650143
1000650112
1000650061
1000650017
1000650008
1000649987
1000649691
1000649596
1000649587
1000649415
1000649367
1000649339
1000649301
1000649289
1000649221
1000649209
1000649085
1000649085
1000649020
1000648992
1000648963
1000648887
1000648866
1000648712
1000648683
1000648660
1000648632
1000648560
1000648553
1000648493
1000648483
1000648364
1000648249
1000648161
1000648156
1000648124
1000648090
1000648080
1000648078
1000648068
1000648021
1000647996
1000647926
1000647877
1000647862
1000647833
1000647783
1000647670
1000647563
1000647513
1000647502
1000647498
1000647479
1000647436
1000647419
1000647394
1000647384
1000647319
1000647279
1000647200
1000647128
1000647059
1000647017
1000646932
1000646887
1000646856
1000646810
1000646773
1000646750
1000646750
1000646608
1000646600
1000646538
1000646514
1000646483
1000646477
1000646457
1000646456
1000646380
1000646353
1000646337
1000646313
1000646248
1000646232
1000646202
1000646089
1000646079
1000646049
1000645974
1000645636
1000645635
1000645627
1000645625
1000645559
1000645536
1000645444
1000645336
1000645294
1000645284
1000645283
1000645187
1000645169
1000644924
1000644913
1000644815
1000644769
1000644727
1000644716
1000644676
1000644668
1000644633
1000688734
1000682491
1000682405
1000682254
1000682059
1000678083
1000677241
1000675332
1000671913
1000671851
1000671079
1000670895
1000670656
1000670386
1000669941
1000669720
1000669156
1000668124
1000667256
1000667123
1000666844
1000666819
1000666609
1000665617
1000665584
1000665574
1000665291
1000665193
1000665137
1000665042
1000664919
1000664618
1000664483
1000664230
1000664116
1000664094
1000663744
1000663732
1000663656
1000663605
1000663391
1000663389
1000663373
1000663218
1000663047
1000662851
1000662839
1000662456
1000662454
1000662399
1000662291
1000662184
1000662021
1000661802
1000661740
1000661680
1000661635
1000661403
1000661348
1000661161
1000661076
1000661062
1000661038
1000661037
1000660850
1000660696
1000660538
1000660520
1000659934
1000659929
1000659764
1000659712
1000659643
1000659613
1000659568
1000659495
1000659481
1000659442
1000659416
1000659333
1000659287
1000659012
1000659000
1000658778
1000658754
1000658637
1000658625
1000658590
1000658542
1000658303
1000658274
1000658131
1000657970
1000657970
1000657967
1000657897
1000657750
1000657530
1000657491
1000657368
1000657314
1000657253
1000657184
1000657076
1000657075
1000657018
1000657005
1000657003
1000656882
1000656881
1000656646
1000656584
1000656563
1000656549
1000656494
1000656460
1000656418
1000656340
1000656321
1000656263
1000656184
1000656144
1000655956
1000655920
1000655894
1000655880
1000655867
1000655799
1000655763
1000655737
1000655678
1000655677
1000655647
1000655563
1000655548
1000655536
1000655499
1000655472
1000655453
1000655405
1000655384
1000655384
1000655368
1000655331
1000655318
1000655316
1000655314
1000655165
1000655132
1000655109
1000655029
1000654640
1000654614
1000654591
1000654590
1000654579
1000654547
1000654383
1000654370
1000654230
1000654139
1000654128
1000654122
1000654087
1000654032
1000654030
1000654024
1000653999
1000653987
1000653920
1000653913
1000653750
1000653711
1000653703
1000653629
1000653589
1000653557
1000653546
1000653538
1000653485
1000653445
1000693780
1000690200
1000688734
1000687159
1000686979
1000683256
1000682491
1000682405
1000682254
1000682059
1000679147
1000679047
1000678877
1000678867
1000678697
1000678083
1000677993
1000677730
1000677648
1000677241
1000676476
1000675914
1000675908
1000675332
1000675209
1000674801
1000674588
1000674585
1000674539
1000674218
1000674126
1000673712
1000673115
1000672882
1000672319
1000671913
1000671851
1000671768
1000671531
1000671518
1000671405
1000671391
1000671340
1000671266
1000671079
1000671048
1000670985
1000670895
1000670766
1000670727
1000670656
1000670583
1000670386
1000670347
1000670332
1000670299
1000670207
1000670084
1000670032
1000669968
1000669941
1000669889
1000669720
1000669554
1000669538
1000669537
1000669300
1000669156
1000669124
1000669077
1000668899
1000668755
1000668637
1000668490
1000668452
1000668316
1000668284
1000668205
1000668148
1000668124
1000668045
1000667951
1000667458
1000667338
1000667266
1000667256
1000667221
1000667123
1000666946
1000666942
1000666919
1000666893
1000666844
1000666819
1000666609
1000666605
1000666551
1000666379
1000666338
1000666191
1000666107
1000665948
1000665842
1000665759
1000665746
1000665710
1000665617
1000665613
1000665584
1000665574
1000665500
1000665357
1000665291
1000665256
1000665219
1000665193
1000665142
1000665137
1000665042
1000664988
1000664969
1000664924
1000664919
1000664618
1000664617
1000664553
1000664539
1000664498
1000664483
1000664230
1000664210
1000664116
1000664100
1000664098
1000664095
1000664094
1000664068
1000663999
1000663918
1000663874
1000663826
1000663791
1000663744
1000663732
1000663656
1000663605
1000663430
1000663391
1000663389
1000663373
1000663228
1000663218
1000663166
1000663162
1000663047
1000662939
1000662919
1000662851
1000662839
1000662733
1000662684
1000662678
1000662590
1000662456
1000662454
1000662399
1000662323
1000662291
1000662272
1000662244
1000662184
1000662056
1000662021
1000661976
1000661955
1000661802
1000661801
1000661740
1000661680
1000661635
1000661517
1000661505
1000661407
1000661403
1000661348
1000661274
1000661274
1000661274
1000661274
1000661274
1000661274
1000706252
1000704751
1000703420
1000702690
1000701022
1000700557
1000699510
1000694898
1000694829
1000694399
1000693780
1000693762
1000692944
1000692855
1000692294
1000692102
1000691539
1000690561
1000690319
1000690200
1000690073
1000689982
1000689543
1000689071
1000688734
1000687665
1000687515
1000687372
1000687335
1000687225
1000687159
1000686979
1000686767
1000686761
1000686515
1000686155
1000686106
1000686090
1000685740
1000685738
1000685564
1000685074
1000684981
1000684841
1000684780
1000684728
1000684340
1000684321
1000684069
1000684000
1000683978
1000683977
1000683570
1000683474
1000683256
1000683248
1000683097
1000682946
1000682938
1000682802
1000682758
1000682611
1000682554
1000682491
1000682405
1000682382
1000682305
1000682254
1000682127
1000682059
1000682034
1000682010
1000682008
1000681846
1000681784
1000681768
1000681758
1000681757
1000681601
1000681415
1000681311
1000681306
1000681072
1000681051
1000681024
1000680982
1000680903
1000680887
1000680783
1000680749
1000680737
1000680725
1000680670
1000680615
1000680612
1000680557
1000680489
1000680472
1000680471
1000680461
1000680413
1000680252
1000680009
1000679917
1000679777
1000679729
1000679606
1000679539
1000679524
1000679502
1000679490
1000679450
1000679401
1000679299
1000679295
1000679157
1000679151
1000679147
1000679047
1000679036
1000679021
1000678903
1000678891
1000678877
1000678867
1000678797
1000678794
1000678703
1000678697
1000678655
1000678615
1000678610
1000678580
1000678504
1000678455
1000678438
1000678418
1000678226
1000678131
1000678083
1000677993
1000677838
1000677823
1000677810
1000677760
1000677738
1000677735
1000677735
1000677730
1000677671
1000677648
1000677631
1000677609
1000677595
1000677516
1000677477
1000677455
1000677430
1000677382
1000677375
1000677301
1000677241
1000677177
1000677176
1000677146
1000676992
1000676975
1000676943
1000676934
1000676911
1000676862
1000676803
1000676729
1000676721
1000676682
1000676660
1000676619
1000676605
1000676604
1000676602
1000676517
1000676503
1000676476
1000676374
1000676319
1000676179
1000676102
1000675980
1000675938
1000675914
1000675908
1000675880
1000675870
1000675864
1000675845
1000675778
1000675727
1000714256
1000710985
1000706252
1000704751
1000703420
1000702690
1000701310
1000701251
1000701053
1000701022
1000700557
1000700181
1000699769
1000699510
1000699489
1000698985
1000698296
1000698088
1000698011
1000697345
1000697327
1000696573
1000696546
1000696378
1000696378
1000696054
1000696042
1000695155
1000695000
1000694898
1000694829
1000694541
1000694400
1000694399
1000694313
1000694256
1000693905
1000693780
1000693763
1000693762
1000693695
1000692976
1000692970
1000692944
1000692936
1000692881
1000692855
1000692799
1000692469
1000692428
1000692390
1000692294
1000692198
1000692162
1000692116
1000692102
1000691720
1000691639
1000691619
1000691539
1000691372
1000691323
1000691115
1000690655
1000690561
1000690504
1000690440
1000690385
1000690335
1000690319
1000690200
1000690176
1000690073
1000689982
1000689652
1000689643
1000689543
1000689335
1000689093
1000689071
1000688904
1000688871
1000688827
1000688825
1000688797
1000688736
1000688734
1000688560
1000688489
1000688117
1000688104
1000688094
1000688010
1000688009
1000687892
1000687709
1000687665
1000687635
1000687582
1000687519
1000687515
1000687443
1000687421
1000687372
1000687371
1000687335
1000687274
1000687225
1000687159
1000687102
1000687101
1000687021
1000687004
1000686979
1000686767
1000686761
1000686740
1000686665
1000686515
1000686308
1000686244
1000686155
1000686142
1000686116
1000686106
1000686105
1000686090
1000685912
1000685740
1000685738
1000685707
1000685637
1000685595
1000685564
1000685496
1000685486
1000685436
1000685341
1000685259
1000685257
1000685250
1000685183
1000685145
1000685074
1000684981
1000684871
1000684852
1000684841
1000684822
1000684780
1000684744
1000684728
1000684606
1000684579
1000684407
1000684340
1000684324
1000684321
1000684156
1000684069
1000684000
1000683978
1000683977
1000683945
1000683874
1000683817
1000683801
1000683785
1000683709
1000683643
1000683570
1000683499
1000683487
1000683474
1000683409
1000683323
1000683256
1000683248
1000683236
1000683097
1000683077
1000683045
1000682951
1000682949
1000682946
1000682938
1000682925
1000682924
1000682865
1000682802
1000682790
1000682758
1000682641
1000682611
1000682599
1000682599
1000682594
1000682563
1000682555
1000682554
1000682554
1000682554
1000682554
1000682554
1000682554
1000682554
1000682554
1000682554
1000682554
1000724173
1000718971
1000714256
1000712036
1000710985
1000708733
1000706796
1000706252
1000705461
1000705248
1000704751
1000704747
1000704610
1000704560
1000703847
1000703611
1000703435
1000703420
1000703317
1000703060
1000702916
1000702690
1000702523
1000702113
1000701853
1000701709
1000701653
1000701310
1000701286
1000701255
1000701251
1000701216
1000701178
1000701053
1000701022
1000700883
1000700568
1000700557
1000700492
1000700465
1000700220
1000700181
1000699903
1000699890
1000699888
1000699769
1000699673
1000699654
1000699581
1000699510
1000699489
1000699466
1000699278
1000699159
1000699090
1000699071
1000698985
1000698981
1000698979
1000698829
1000698685
1000698388
1000698296
1000698162
1000698111
1000698088
1000698011
1000698011
1000697924
1000697363
1000697345
1000697327
1000697294
1000697145
1000697135
1000697121
1000697118
1000696951
1000696721
1000696573
1000696546
1000696501
1000696468
1000696406
1000696383
1000696378
1000696159
1000696128
1000696104
1000696054
1000696042
1000695849
1000695685
1000695621
1000695613
1000695609
1000695507
1000695362
1000695319
1000695155
1000695127
1000695042
1000695000
1000694997
1000694898
1000694829
1000694654
1000694637
1000694592
1000694541
1000694540
1000694524
1000694400
1000694399
1000694383
1000694372
1000694313
1000694310
1000694256
1000694224
1000694065
1000694003
1000693937
1000693913
1000693905
1000693884
1000693873
1000693831
1000693825
1000693780
1000693763
1000693762
1000693733
1000693695
1000693463
1000693454
1000692980
1000692976
1000692970
1000692944
1000692936
1000692927
1000692881
1000692855
1000692799
1000692785
1000692527
1000692469
1000692428
1000692402
1000692390
1000692294
1000692198
1000692162
1000692116
1000692103
1000692102
1000692095
1000691944
1000691858
1000691799
1000691745
1000691720
1000691639
1000691619
1000691616
1000691608
1000691562
1000691539
1000691445
1000691416
1000691372
1000691323
1000691321
1000691267
1000691223
1000691158
1000691141
1000691115
1000691024
1000690917
1000690913
1000690729
1000690699
1000690674
1000690655
1000690561
1000690504
1000690440
1000730206
1000729742
1000724173
1000724094
1000723975
1000723732
1000718971
1000715167
1000714256
1000713665
1000712985
1000712101
1000712036
1000711204
1000711141
1000710987
1000710985
1000710481
1000710263
1000709805
1000709340
1000708733
1000708351
1000708229
1000708156
1000707965
1000707787
1000707744
1000707578
1000707378
1000707294
1000707209
1000706796
1000706494
1000706252
1000706195
1000706160
1000706146
1000705461
1000705248
1000704751
1000704747
1000704610
1000704595
1000704560
1000704526
1000704518
1000704419
1000704287
1000704221
1000704200
1000704157
1000704094
1000704053
1000704035
1000703985
1000703847
1000703827
1000703818
1000703765
1000703756
1000703661
1000703611
1000703545
1000703487
1000703471
1000703435
1000703420
1000703317
1000703169
1000703060
1000703004
1000703003
1000702980
1000702916
1000702690
1000702633
1000702560
1000702523
1000702418
1000702393
1000702360
1000702339
1000702171
1000702113
1000701937
1000701853
1000701804
1000701763
1000701713
1000701712
1000701709
1000701653
1000701573
1000701409
1000701310
1000701286
1000701255
1000701251
1000701229
1000701216
1000701200
1000701178
1000701171
1000701106
1000701053
1000701038
1000701038
1000701022
1000700883
1000700819
1000700747
1000700698
1000700594
1000700568
1000700557
1000700517
1000700492
1000700465
1000700428
1000700413
1000700331
1000700291
1000700220
1000700184
1000700181
1000700144
1000700060
1000699903
1000699890
1000699888
1000699797
1000699781
1000699769
1000699729
1000699692
1000699673
1000699670
1000699669
1000699654
1000699590
1000699581
1000699543
1000699510
1000699489
1000699466
1000699451
1000699411
1000699278
1000699236
1000699201
1000699159
1000699090
1000699071
1000699028
1000698985
1000698981
1000698979
1000698968
1000698857
1000698829
1000698764
1000698685
1000698684
1000698639
1000698563
1000698533
1000698482
1000698388
1000698296
1000698217
1000698197
1000698162
1000698152
1000698111
1000698088
1000698011
1000697934
1000697924
1000697807
1000697602
1000697399
1000697363
1000697345
1000697327
1000697294
1000697145
1000697144
1000697135
1000697134
1000697121
1000697118
1000696978
1000696951
1000696917
1000696917
1000696865
1000739467
1000739417
1000733768
1000733704
1000730906
1000730206
1000729742
1000729313
1000724173
1000724094
1000723975
1000723732
1000723539
1000721422
1000721196
1000720985
1000720496
1000720336
1000720082
1000720054
1000719734
1000719193
1000719134
1000718971
1000718837
1000718416
1000718282
1000718157
1000717659
1000717240
1000716815
1000716681
1000716664
1000716364
1000716262
1000716244
1000716185
1000716026
1000715629
1000715518
1000715183
1000715167
1000715148
1000715014
1000714844
1000714825
1000714786
1000714693
1000714256
1000714229
1000714010
1000713940
1000713910
1000713665
1000713605
1000713510
1000713496
1000713373
1000713362
1000713195
1000713127
1000712985
1000712978
1000712957
1000712921
1000712663
1000712618
1000712604
1000712590
1000712541
1000712475
1000712245
1000712101
1000712036
1000711889
1000711821
1000711819
1000711775
1000711678
1000711623
1000711385
1000711346
1000711204
1000711141
1000711023
1000710988
1000710987
1000710985
1000710836
1000710672
1000710515
1000710481
1000710263
1000710201
1000710195
1000710193
1000710177
1000710165
1000709877
1000709831
1000709805
1000709788
1000709781
1000709756
1000709730
1000709716
1000709620
1000709545
1000709531
1000709512
1000709460
1000709386
1000709352
1000709340
1000709280
1000709271
1000709189
1000709140
1000709102
1000708779
1000708776
1000708762
1000708733
1000708719
1000708707
1000708465
1000708351
1000708229
1000708156
1000708122
1000708009
1000707965
1000707896
1000707787
1000707744
1000707725
1000707663
1000707578
1000707555
1000707474
1000707473
1000707378
1000707294
1000707263
1000707209
1000707198
1000707127
1000707127
1000706835
1000706796
1000706681
1000706658
1000706583
1000706581
1000706577
1000706494
1000706450
1000706366
1000706252
1000706240
1000706231
1000706195
1000706160
1000706146
1000706042
1000705913
1000705696
1000705461
1000705248
1000705078
1000704756
1000704751
1000704747
1000704743
1000704610
1000704595
1000704563
1000704560
1000704547
1000704526
1000704518
1000704419
1000704303
1000704290
1000704287
1000704274
1000704221
1000704200
1000704157
1000704094
1000704053
1000704035
1000703985
1000746009
1000739467
1000739417
1000736058
1000733768
1000733704
1000732662
1000730906
1000730206
1000729892
1000729742
1000729313
1000729011
1000728169
1000726898
1000726410
1000725342
1000725315
1000725267
1000725211
1000724855
1000724769
1000724769
1000724365
1000724173
1000724094
1000723975
1000723732
1000723539
1000722836
1000722626
1000722580
1000722571
1000722152
1000722110
1000721860
1000721819
1000721777
1000721721
1000721693
1000721535
1000721422
1000721373
1000721357
1000721324
1000721196
1000721179
1000721174
1000721141
1000721015
1000720985
1000720944
1000720818
1000720496
1000720394
1000720336
1000720279
1000720219
1000720219
1000720214
1000720082
1000720081
1000720054
1000720050
1000719931
1000719920
1000719796
1000719759
1000719734
1000719675
1000719640
1000719507
1000719433
1000719284
1000719193
1000719134
1000719133
1000718971
1000718970
1000718915
1000718837
1000718782
1000718747
1000718495
1000718416
1000718385
1000718286
1000718282
1000718243
1000718157
1000718118
1000717991
1000717967
1000717948
1000717882
1000717877
1000717754
1000717659
1000717641
1000717488
1000717475
1000717452
1000717401
1000717240
1000717232
1000717202
1000716815
1000716768
1000716694
1000716681
1000716664
1000716629
1000716559
1000716548
1000716494
1000716364
1000716262
1000716244
1000716216
1000716185
1000716114
1000716088
1000716026
1000716015
1000715849
1000715816
1000715629
1000715610
1000715518
1000715445
1000715364
1000715330
1000715315
1000715313
1000715264
1000715183
1000715179
1000715167
1000715148
1000715014
1000715010
1000715003
1000715002
1000714979
1000714943
1000714844
1000714825
1000714786
1000714693
1000714607
1000714547
1000714470
1000714387
1000714347
1000714328
1000714275
1000714256
1000714229
1000714223
1000714184
1000714010
1000713951
1000713940
1000713930
1000713910
1000713898
1000713848
1000713811
1000713780
1000713665
1000713605
1000713510
1000713496
1000713478
1000713415
1000713373
1000713362
1000713265
1000713195
1000713169
1000713138
1000713127
1000713097
1000713001
1000712985
1000712978
1000712957
1000712938
1000712929
1000712921
1000712867
1000712805
1000712805
1000712724
1000712716
1000712716
1000712716
1000712716
1000712716
1000757495
1000756633
1000749295
1000748776
1000746980
1000746009
1000744628
1000741393
1000739539
1000739467
1000739419
1000739417
1000736523
1000736245
1000736058
1000735939
1000735706
1000734706
1000734350
1000734197
1000734012
1000733770
1000733768
1000733704
1000733632
1000733577
1000733149
1000733149
1000733003
1000732744
1000732662
1000732633
1000732604
1000732466
1000732397
1000731975
1000731682
1000731668
1000731503
1000731285
1000731140
1000730906
1000730696
1000730632
1000730564
1000730413
1000730206
1000730188
1000730011
1000729892
1000729816
1000729742
1000729537
1000729481
1000729403
1000729362
1000729313
1000729233
1000729011
1000728907
1000728882
1000728789
1000728169
1000728015
1000727898
1000727880
1000727824
1000727793
1000727752
1000727585
1000727542
1000727371
1000727259
1000727081
1000726898
1000726879
1000726686
1000726637
1000726581
1000726575
1000726526
1000726464
1000726447
1000726410
1000726305
1000726285
1000726241
1000726159
1000725871
1000725852
1000725807
1000725790
1000725648
1000725562
1000725346
1000725344
1000725342
1000725316
1000725315
1000725267
1000725211
1000725188
1000725152
1000725137
1000725134
1000725088
1000725074
1000724939
1000724934
1000724884
1000724855
1000724820
1000724769
1000724702
1000724597
1000724520
1000724454
1000724365
1000724294
1000724286
1000724173
1000724137
1000724094
1000724081
1000723975
1000723942
1000723770
1000723732
1000723628
1000723564
1000723552
1000723539
1000723299
1000723146
1000723086
1000722943
1000722836
1000722800
1000722671
1000722626
1000722597
1000722580
1000722571
1000722522
1000722481
1000722477
1000722438
1000722360
1000722329
1000722179
1000722166
1000722152
1000722120
1000722110
1000722095
1000721860
1000721833
1000721819
1000721777
1000721767
1000721755
1000721739
1000721721
1000721712
1000721693
1000721640
1000721553
1000721535
1000721422
1000721408
1000721373
1000721359
1000721357
1000721324
1000721196
1000721183
1000721181
1000721179
1000721174
1000721141
1000721032
1000721021
1000721015
1000720985
1000720945
1000720944
1000720854
1000720851
1000720818
1000720496
1000720455
1000720455
1000765948
1000762202
1000761754
1000760828
1000760048
1000758449
1000757596
1000757495
1000756633
1000754682
1000754499
1000749571
1000749295
1000748776
1000747435
1000746980
1000746009
1000745982
1000745818
1000744628
1000744012
1000743721
1000742464
1000742276
1000741924
1000741393
1000741149
1000740832
1000739715
1000739588
1000739539
1000739467
1000739419
1000739417
1000739290
1000738895
1000738595
1000738482
1000738480
1000738343
1000737994
1000737729
1000737354
1000737268
1000737108
1000736702
1000736564
1000736523
1000736463
1000736410
1000736368
1000736273
1000736245
1000736089
1000736058
1000735960
1000735939
1000735863
1000735706
1000735688
1000735563
1000735563
1000735525
1000735503
1000735492
1000735466
1000735450
1000735341
1000735267
1000735143
1000735070
1000734992
1000734849
1000734820
1000734792
1000734721
1000734706
1000734485
1000734482
1000734350
1000734337
1000734320
1000734197
1000734176
1000734039
1000734012
1000733902
1000733770
1000733768
1000733739
1000733704
1000733697
1000733632
1000733577
1000733559
1000733327
1000733226
1000733196
1000733193
1000733174
1000733149
1000733148
1000733102
1000733052
1000733003
1000732853
1000732744
1000732662
1000732643
1000732633
1000732616
1000732604
1000732604
1000732579
1000732553
1000732494
1000732466
1000732397
1000732387
1000732386
1000732336
1000732126
1000732101
1000731975
1000731953
1000731869
1000731802
1000731772
1000731734
1000731682
1000731668
1000731618
1000731575
1000731569
1000731546
1000731503
1000731432
1000731310
1000731293
1000731286
1000731285
1000731209
1000731140
1000731035
1000730958
1000730906
1000730850
1000730778
1000730726
1000730696
1000730671
1000730661
1000730632
1000730564
1000730448
1000730413
1000730247
1000730206
1000730188
1000730011
1000729934
1000729892
1000729816
1000729742
1000729574
1000729537
1000729526
1000729487
1000729481
1000729403
1000729387
1000729370
1000729362
1000729313
1000729239
1000729233
1000729153
1000729148
1000729101
1000729051
1000729011
1000728907
1000728882
1000728839
1000728829
1000728812
1000728789
1000728711
1000728683
1000728641
1000728635
1000728423
1000728388
1000728238
1000728169
1000728015
1000727957
1000769920
1000769161
1000767709
1000766214
1000765948
1000763334
1000762202
1000761754
1000760828
1000760048
1000758449
1000757596
1000757495
1000756633
1000755922
1000754682
1000754499
1000754283
1000754057
1000753142
1000752112
1000751124
1000750976
1000750819
1000750437
1000750038
1000749571
1000749486
1000749295
1000749270
1000749231
1000748868
1000748776
1000748516
1000748222
1000748189
1000748110
1000748088
1000748039
1000747694
1000747594
1000747435
1000746980
1000746901
1000746886
1000746792
1000746407
1000746360
1000746222
1000746013
1000746009
1000745982
1000745829
1000745818
1000745804
1000745697
1000745612
1000745580
1000745528
1000745376
1000745268
1000745066
1000744952
1000744681
1000744628
1000744628
1000744627
1000744566
1000744554
1000744480
1000744436
1000744364
1000744238
1000744012
1000743864
1000743721
1000743633
1000743304
1000743262
1000743257
1000743000
1000742990
1000742967
1000742924
1000742763
1000742654
1000742586
1000742500
1000742487
1000742464
1000742371
1000742361
1000742307
1000742305
1000742278
1000742276
1000742231
1000742002
1000741957
1000741939
1000741924
1000741791
1000741788
1000741773
1000741697
1000741436
1000741436
1000741415
1000741393
1000741235
1000741227
1000741149
1000741108
1000740832
1000740739
1000740596
1000740532
1000740468
1000740310
1000740266
1000740157
1000740141
1000740005
1000739994
1000739973
1000739846
1000739832
1000739814
1000739715
1000739685
1000739631
1000739588
1000739539
1000739467
1000739448
1000739419
1000739417
1000739290
1000739243
1000739237
1000739196
1000739182
1000739125
1000739036
1000738914
1000738895
1000738867
1000738859
1000738846
1000738821
1000738748
1000738595
1000738482
1000738480
1000738448
1000738373
1000738358
1000738343
1000738241
1000738231
1000738032
1000737994
1000737961
1000737913
1000737888
1000737876
1000737854
1000737729
1000737665
1000737586
1000737354
1000737268
1000737235
1000737163
1000737108
1000737058
1000736981
1000736925
1000736809
1000736702
1000736601
1000736564
1000736525
1000736523
1000736509
1000736476
1000736463
1000736410
1000736368
1000736310
1000736273
1000736245
1000736184
1000778224
1000770348
1000769920
1000769161
1000767709
1000766214
1000765948
1000763334
1000762713
1000762312
1000762202
1000762154
1000761754
1000760828
1000760307
1000760057
1000760048
1000759565
1000758980
1000758727
1000758449
1000758101
1000757983
1000757904
1000757616
1000757596
1000757495
1000757169
1000757121
1000756633
1000756566
1000756476
1000756292
1000756277
1000756217
1000756100
1000755922
1000755439
1000755167
1000755083
1000754791
1000754682
1000754499
1000754396
1000754283
1000754281
1000754279
1000754223
1000754057
1000753921
1000753688
1000753637
1000753515
1000753468
1000753449
1000753284
1000753142
1000753023
1000752957
1000752880
1000752800
1000752795
1000752639
1000752553
1000752321
1000752264
1000752254
1000752145
1000752112
1000752013
1000751997
1000751708
1000751518
1000751389
1000751350
1000751225
1000751134
1000751124
1000751101
1000751028
1000750984
1000750976
1000750940
1000750934
1000750819
1000750437
1000750234
1000750102
1000750038
1000749700
1000749643
1000749571
1000749486
1000749454
1000749356
1000749330
1000749295
1000749293
1000749270
1000749231
1000749122
1000749105
1000749079
1000749008
1000748915
1000748868
1000748845
1000748776
1000748768
1000748761
1000748729
1000748720
1000748649
1000748644
1000748516
1000748494
1000748355
1000748222
1000748189
1000748110
1000748088
1000748039
1000747855
1000747827
1000747710
1000747694
1000747689
1000747641
1000747594
1000747590
1000747435
1000747313
1000747284
1000747246
1000747224
1000747215
1000747173
1000746980
1000746901
1000746886
1000746792
1000746791
1000746694
1000746655
1000746484
1000746455
1000746407
1000746361
1000746360
1000746350
1000746331
1000746289
1000746281
1000746222
1000746162
1000746101
1000746070
1000746013
1000746009
1000745982
1000745867
1000745866
1000745865
1000745829
1000745818
1000745804
1000745697
1000745682
1000745612
1000745580
1000745528
1000745449
1000745376
1000745325
1000745268
1000745066
1000744969
1000744952
1000744799
1000744681
1000744653
1000744652
1000744628
1000744627
1000744566
1000744554
1000744554
1000744516
1000744480
1000744480
1000744480
1000744480
1000744480
1000782044
1000781951
1000778224
1000772688
1000771431
1000770914
1000770865
1000770841
1000770632
1000770348
1000769920
1000769908
1000769161
1000768735
1000767980
1000767733
1000767709
1000767478
1000767425
1000767388
1000767160
1000767142
1000766923
1000766634
1000766589
1000766214
1000765948
1000765755
1000765723
1000765198
1000765143
1000764955
1000764521
1000764436
1000764375
1000764357
1000763836
1000763795
1000763590
1000763387
1000763352
1000763334
1000763288
1000763227
1000763148
1000763091
1000762735
1000762725
1000762713
1000762493
1000762483
1000762446
1000762312
1000762202
1000762154
1000761991
1000761865
1000761754
1000761736
1000761489
1000761301
1000761260
1000761097
1000760987
1000760944
1000760828
1000760674
1000760515
1000760491
1000760486
1000760408
1000760390
1000760307
1000760171
1000760057
1000760048
1000759947
1000759896
1000759707
1000759588
1000759576
1000759565
1000759451
1000759151
1000758980
1000758756
1000758727
1000758449
1000758429
1000758379
1000758202
1000758101
1000758035
1000758007
1000757983
1000757957
1000757904
1000757903
1000757859
1000757831
1000757616
1000757596
1000757567
1000757551
1000757495
1000757340
1000757209
1000757169
1000757121
1000757049
1000756759
1000756757
1000756716
1000756657
1000756633
1000756613
1000756576
1000756566
1000756548
1000756487
1000756476
1000756442
1000756388
1000756292
1000756277
1000756220
1000756217
1000756181
1000756163
1000756121
1000756100
1000756071
1000756065
1000755922
1000755856
1000755781
1000755439
1000755406
1000755323
1000755275
1000755232
1000755226
1000755206
1000755167
1000755083
1000755001
1000754933
1000754810
1000754791
1000754737
1000754682
1000754625
1000754499
1000754418
1000754396
1000754283
1000754281
1000754279
1000754223
1000754219
1000754168
1000754132
1000754116
1000754057
1000753965
1000753931
1000753921
1000753857
1000753724
1000753700
1000753688
1000753637
1000753515
1000753468
1000753449
1000753308
1000753284
1000753235
1000753193
1000753142
1000753023
1000752957
1000752880
1000752858
1000752800
1000752795
1000752795
1000789782
1000788912
1000787355
1000786834
1000785063
1000785001
1000782044
1000781951
1000781886
1000781464
1000781321
1000780952
1000780803
1000779727
1000779475
1000779433
1000779231
1000779103
1000778543
1000778365
1000778278
1000778224
1000777698
1000777211
1000777074
1000776929
1000776816
1000776816
1000776336
1000776196
1000775973
1000775751
1000775615
1000775345
1000775344
1000774825
1000774741
1000774530
1000774436
1000774272
1000774251
1000774148
1000774048
1000773837
1000773723
1000773633
1000773612
1000773308
1000773207
1000772793
1000772790
1000772732
1000772695
1000772688
1000772434
1000772373
1000772030
1000771967
1000771923
1000771817
1000771703
1000771670
1000771662
1000771632
1000771612
1000771431
1000771152
1000771045
1000770984
1000770967
1000770914
1000770865
1000770841
1000770771
1000770741
1000770632
1000770373
1000770348
1000770282
1000770180
1000770176
1000770130
1000770074
1000770058
1000770003
1000769920
1000769908
1000769778
1000769549
1000769490
1000769373
1000769342
1000769228
1000769161
1000769139
1000768990
1000768976
1000768735
1000768694
1000768680
1000768586
1000768549
1000768494
1000768490
1000768461
1000768423
1000768368
1000768341
1000768297
1000768269
1000768146
1000768103
1000768075
1000767980
1000767926
1000767909
1000767876
1000767803
1000767775
1000767735
1000767733
1000767719
1000767709
1000767707
1000767582
1000767574
1000767478
1000767456
1000767432
1000767425
1000767399
1000767397
1000767388
1000767376
1000767160
1000767142
1000767127
1000767072
1000766994
1000766981
1000766923
1000766882
1000766793
1000766703
1000766634
1000766610
1000766589
1000766525
1000766510
1000766429
1000766365
1000766355
1000766293
1000766214
1000766118
1000766107
1000766058
1000765977
1000765952
1000765948
1000765808
1000765755
1000765729
1000765723
1000765684
1000765602
1000765503
1000765402
1000765399
1000765266
1000765243
1000765198
1000765169
1000765143
1000765126
1000765066
1000765033
1000765032
1000764966
1000764955
1000764940
1000764922
1000764851
1000764752
1000764670
1000764521
1000764501
1000764487
1000764436
1000764390
1000764375
1000764357
1000764305
1000764304
1000764300
1000764231
1000764205
1000764161
1000764155
1000764140
1000764064
1000763928
1000763900
1000807575
1000806273
1000802294
1000793903
1000793791
1000791643
1000789950
1000789929
1000789792
1000789782
1000789640
1000789567
1000788912
1000788889
1000788732
1000788267
1000787432
1000787355
1000787210
1000787002
1000786834
1000786767
1000786359
1000785791
1000785573
1000785499
1000785431
1000785357
1000785327
1000785096
1000785063
1000785035
1000785001
1000784656
1000784601
1000784172
1000783280
1000783200
1000782770
1000782729
1000782541
1000782078
1000782044
1000782026
1000781991
1000781951
1000781899
1000781886
1000781778
1000781733
1000781507
1000781464
1000781337
1000781321
1000781222
1000781069
1000780986
1000780952
1000780814
1000780803
1000780621
1000780345
1000780257
1000780129
1000779948
1000779884
1000779740
1000779738
1000779727
1000779561
1000779475
1000779468
1000779433
1000779231
1000779103
1000778979
1000778957
1000778846
1000778723
1000778710
1000778695
1000778611
1000778601
1000778543
1000778497
1000778438
1000778436
1000778419
1000778365
1000778278
1000778224
1000778212
1000778182
1000777833
1000777818
1000777698
1000777672
1000777548
1000777463
1000777424
1000777309
1000777284
1000777230
1000777211
1000777152
1000777131
1000777074
1000776960
1000776929
1000776834
1000776816
1000776701
1000776563
1000776556
1000776336
1000776265
1000776204
1000776196
1000776166
1000776022
1000775973
1000775935
1000775921
1000775867
1000775810
1000775751
1000775717
1000775615
1000775603
1000775508
1000775448
1000775356
1000775345
1000775345
1000775344
1000775274
1000775272
1000775189
1000775094
1000774825
1000774741
1000774714
1000774651
1000774530
1000774448
1000774436
1000774288
1000774272
1000774251
1000774246
1000774244
1000774196
1000774148
1000774091
1000774086
1000774048
1000774010
1000773837
1000773821
1000773818
1000773817
1000773741
1000773723
1000773679
1000773666
1000773633
1000773612
1000773595
1000773532
1000773318
1000773308
1000773236
1000773207
1000773110
1000772990
1000814545
1000808461
1000807575
1000807405
1000807102
1000806273
1000802956
1000802482
1000802294
1000799603
1000799424
1000799402
1000798528
1000798208
1000797482
1000796630
1000796497
1000796364
1000795918
1000795736
1000794780
1000794713
1000793903
1000793791
1000793743
1000793701
1000793273
1000792919
1000792278
1000792234
1000791717
1000791643
1000791418
1000791317
1000791276
1000791265
1000791242
1000791191
1000790966
1000790780
1000790622
1000790523
1000790518
1000790111
1000790084
1000790042
1000789950
1000789937
1000789929
1000789792
1000789792
1000789782
1000789726
1000789640
1000789567
1000789532
1000789267
1000789208
1000789192
1000789164
1000789043
1000788912
1000788906
1000788889
1000788844
1000788732
1000788692
1000788648
1000788599
1000788373
1000788267
1000788210
1000788126
1000788034
1000787832
1000787754
1000787706
1000787650
1000787432
1000787410
1000787355
1000787227
1000787218
1000787210
1000787094
1000787002
1000786834
1000786790
1000786767
1000786726
1000786683
1000786604
1000786468
1000786386
1000786363
1000786359
1000786316
1000786243
1000786125
1000785924
1000785791
1000785782
1000785727
1000785638
1000785573
1000785499
1000785431
1000785410
1000785397
1000785357
1000785347
1000785327
1000785200
1000785096
1000785063
1000785035
1000785001
1000784989
1000784920
1000784864
1000784853
1000784838
1000784786
1000784710
1000784658
1000784656
1000784628
1000784601
1000784419
1000784373
1000784291
1000784270
1000784260
1000784214
1000784172
1000784145
1000784010
1000783987
1000783967
1000783811
1000783811
1000783746
1000783732
1000783553
1000783461
1000783280
1000783243
1000783200
1000783196
1000783108
1000783013
1000782962
1000782873
1000782770
1000782766
1000782739
1000782729
1000782709
1000782676
1000782617
1000782541
1000782319
1000782286
1000782205
1000782141
1000782085
1000782078
1000782075
1000782058
1000782044
1000782026
1000781991
1000781974
1000781951
1000781899
1000781886
1000781833
1000781779
1000781778
1000781733
1000781507
1000781464
1000781447
1000823044
1000821592
1000819519
1000814545
1000810992
1000810368
1000808721
1000808461
1000807575
1000807405
1000807107
1000807102
1000807022
1000806868
1000806437
1000806300
1000806273
1000805578
1000805446
1000804547
1000804236
1000804236
1000804059
1000803921
1000803709
1000803622
1000803188
1000803127
1000803112
1000802956
1000802860
1000802760
1000802531
1000802482
1000802294
1000802254
1000802134
1000802031
1000801828
1000801749
1000801648
1000801579
1000801483
1000801482
1000801478
1000801305
1000801275
1000800935
1000800623
1000800207
1000799911
1000799764
1000799627
1000799613
1000799603
1000799534
1000799424
1000799402
1000799240
1000798753
1000798528
1000798519
1000798400
1000798295
1000798208
1000798181
1000798174
1000798054
1000797919
1000797849
1000797571
1000797532
1000797520
1000797515
1000797482
1000797310
1000797180
1000797053
1000796946
1000796825
1000796630
1000796497
1000796364
1000796279
1000796026
1000795919
1000795918
1000795894
1000795748
1000795736
1000795646
1000795430
1000795240
1000795200
1000795095
1000795011
1000794854
1000794796
1000794780
1000794720
1000794713
1000794647
1000794407
1000794363
1000794328
1000794078
1000793972
1000793903
1000793791
1000793743
1000793712
1000793701
1000793630
1000793422
1000793273
1000793250
1000793052
1000793030
1000792919
1000792916
1000792915
1000792912
1000792842
1000792801
1000792714
1000792410
1000792374
1000792374
1000792364
1000792344
1000792339
1000792319
1000792306
1000792278
1000792234
1000792233
1000792196
1000792178
1000791980
1000791953
1000791717
1000791643
1000791554
1000791550
1000791549
1000791427
1000791418
1000791413
1000791397
1000791317
1000791276
1000791265
1000791248
1000791242
1000791191
1000791163
1000791109
1000791059
1000791038
1000790966
1000790933
1000790906
1000790780
1000790728
1000790626
1000790622
1000790595
1000790535
1000790523
1000790518
1000790428
1000790316
1000790295
1000790276
1000790274
1000836029
1000832913
1000832373
1000831619
1000830565
1000829559
1000824635
1000823044
1000822266
1000821592
1000819519
1000818009
1000817399
1000817183
1000816303
1000815877
1000815408
1000815269
1000814956
1000814545
1000814411
1000814072
1000813974
1000813843
1000813777
1000813679
1000813536
1000813236
1000812659
1000812659
1000812514
1000812415
1000812336
1000812285
1000812184
1000811557
1000811258
1000811222
1000811125
1000811031
1000810992
1000810898
1000810493
1000810368
1000810266
1000810197
1000810103
1000810081
1000809962
1000809860
1000809662
1000809630
1000809566
1000809518
1000809198
1000808721
1000808461
1000808231
1000808194
1000808095
1000807679
1000807589
1000807575
1000807547
1000807405
1000807404
1000807365
1000807338
1000807107
1000807102
1000807022
1000807005
1000806868
1000806868
1000806819
1000806792
1000806725
1000806653
1000806588
1000806568
1000806437
1000806397
1000806370
1000806300
1000806273
1000806263
1000805863
1000805830
1000805690
1000805578
1000805446
1000805334
1000805293
1000805222
1000805200
1000805112
1000805020
1000804905
1000804837
1000804823
1000804731
1000804547
1000804460
1000804244
1000804236
1000804152
1000804145
1000804059
1000803987
1000803921
1000803886
1000803743
1000803709
1000803622
1000803371
1000803253
1000803240
1000803224
1000803205
1000803188
1000803167
1000803127
1000803112
1000803039
1000802956
1000802886
1000802860
1000802774
1000802760
1000802699
1000802531
1000802494
1000802482
1000802313
1000802296
1000802294
1000802254
1000802139
1000802134
1000802092
1000802081
1000802046
1000802031
1000802008
1000801970
1000801964
1000801950
1000801828
1000801778
1000801749
1000801648
1000801579
1000801483
1000801482
1000801478
1000801399
1000801361
1000801305
1000801275
1000801127
1000800935
1000800858
1000800732
1000800702
1000800623
1000800496
1000800490
1000800360
1000800304
1000800295
1000800207
1000800048
1000800031
1000800027
1000799911
1000799888
1000799862
1000799853
1000799795
1000799778
1000799764
1000799709
1000799681
1000799627
1000799613
1000799603
1000799534
1000799424
1000799402
1000799360
1000799322
1000799240
1000799202
1000799199
1000799116
1000798951
1000798912
1000798817
1000798753
1000798559
1000798528
1000798519
1000798519
1000798400
1000798400
1000798400
1000845632
1000836029
1000834122
1000832913
1000832373
1000831619
1000830565
1000829559
1000826982
1000825071
1000824966
1000824685
1000824635
1000824624
1000824338
1000824204
1000824154
1000824037
1000823675
1000823091
1000823044
1000822376
1000822314
1000822266
1000822257
1000822135
1000821948
1000821889
1000821592
1000821284
1000820940
1000820864
1000820628
1000820566
1000820447
1000820439
1000819899
1000819823
1000819801
1000819519
1000819338
1000819265
1000818373
1000818066
1000818009
1000817822
1000817798
1000817620
1000817399
1000817273
1000817183
1000817175
1000817162
1000816791
1000816590
1000816352
1000816303
1000816174
1000815987
1000815877
1000815815
1000815621
1000815613
1000815568
1000815556
1000815408
1000815272
1000815269
1000815070
1000814978
1000814956
1000814729
1000814565
1000814545
1000814411
1000814389
1000814168
1000814166
1000814072
1000814040
1000813974
1000813843
1000813777
1000813734
1000813679
1000813641
1000813635
1000813598
1000813569
1000813536
1000813257
1000813236
1000813162
1000813046
1000813026
1000812887
1000812861
1000812810
1000812659
1000812537
1000812536
1000812514
1000812486
1000812472
1000812415
1000812336
1000812285
1000812204
1000812184
1000812085
1000812010
1000811987
1000811881
1000811757
1000811708
1000811693
1000811675
1000811614
1000811587
1000811557
1000811449
1000811330
1000811318
1000811286
1000811258
1000811222
1000811125
1000811031
1000810992
1000810898
1000810859
1000810834
1000810791
1000810557
1000810526
1000810493
1000810492
1000810408
1000810376
1000810368
1000810269
1000810266
1000810197
1000810173
1000810173
1000810103
1000810086
1000810081
1000810006
1000809978
1000809962
1000809898
1000809888
1000809866
1000809860
1000809824
1000809791
1000809662
1000809630
1000809566
1000809540
1000809519
1000809518
1000809502
1000809498
1000809443
1000809387
1000809363
1000809198
1000809130
1000808892
1000808721
1000808670
1000808574
1000808461
1000808416
1000808301
1000808245
1000808231
1000808221
1000808194
1000808095
1000807845
1000807844
1000807843
1000807815
1000807716
1000807715
1000807679
1000807663
1000807626
1000807626
1000807589
1000807575
1000807547
1000807547
1000807547
1000807547
1000807547
1000853582
1000853273
1000850625
1000845632
1000842099
1000841981
1000841908
1000839303
1000837221
1000836029
1000834288
1000834122
1000832913
1000832749
1000832373
1000831619
1000830990
1000830677
1000830565
1000830487
1000830292
1000830215
1000829851
1000829559
1000829203
1000829051
1000828720
1000828503
1000828500
1000828040
1000827848
1000827486
1000827471
1000827413
1000827369
1000827190
1000826982
1000826678
1000826592
1000826197
1000826110
1000825808
1000825696
1000825458
1000825435
1000825361
1000825340
1000825227
1000825071
1000824966
1000824730
1000824685
1000824671
1000824643
1000824635
1000824624
1000824338
1000824286
1000824204
1000824154
1000824143
1000824037
1000824031
1000823941
1000823746
1000823702
1000823675
1000823559
1000823519
1000823346
1000823331
1000823306
1000823144
1000823091
1000823044
1000822487
1000822447
1000822376
1000822367
1000822314
1000822266
1000822257
1000822239
1000822225
1000822181
1000822135
1000822007
1000821948
1000821939
1000821889
1000821667
1000821592
1000821473
1000821391
1000821337
1000821284
1000821278
1000821154
1000820940
1000820864
1000820816
1000820689
1000820628
1000820604
1000820566
1000820447
1000820439
1000820312
1000820300
1000820130
1000819899
1000819823
1000819812
1000819801
1000819519
1000819517
1000819484
1000819455
1000819411
1000819402
1000819384
1000819347
1000819338
1000819272
1000819265
1000818824
1000818756
1000818753
1000818728
1000818596
1000818474
1000818421
1000818409
1000818373
1000818282
1000818223
1000818173
1000818173
1000818172
1000818094
1000818073
1000818066
1000818031
1000818009
1000817965
1000817933
1000817921
1000817856
1000817822
1000817798
1000817790
1000817788
1000817734
1000817703
1000817656
1000817620
1000817537
1000817453
1000817400
1000817399
1000817353
1000817330
1000817273
1000817192
1000817183
1000817175
1000817162
1000816889
1000816798
1000816791
1000816753
1000816640
1000816600
1000816590
1000816559
1000816546
1000816352
1000816303
1000816278
1000816253
1000816174
1000816130
1000815987
1000815935
1000815877
1000815824
1000815815
1000815815
1000815757
1000815709
1000815683
1000863194
1000860247
1000853582
1000853273
1000850625
1000847306
1000846515
1000845632
1000844512
1000843588
1000843371
1000842483
1000842099
1000841981
1000841908
1000840700
1000840134
1000840070
1000839776
1000839339
1000839303
1000839252
1000838993
1000838809
1000838732
1000838661
1000838609
1000838535
1000838085
1000837417
1000837253
1000837221
1000836869
1000836762
1000836224
1000836029
1000835704
1000835616
1000835594
1000835525
1000835493
1000835487
1000834956
1000834683
1000834288
1000834159
1000834122
1000833971
1000833925
1000833733
1000833346
1000833294
1000833068
1000833029
1000832913
1000832905
1000832892
1000832875
1000832871
1000832848
1000832749
1000832735
1000832676
1000832549
1000832373
1000832192
1000832159
1000831946
1000831906
1000831822
1000831810
1000831619
1000831530
1000831359
1000831299
1000831290
1000831088
1000831083
1000831010
1000830990
1000830900
1000830677
1000830565
1000830531
1000830516
1000830487
1000830292
1000830215
1000830195
1000830060
1000830043
1000829859
1000829851
1000829575
1000829559
1000829542
1000829356
1000829302
1000829230
1000829229
1000829203
1000829051
1000829014
1000828944
1000828884
1000828862
1000828842
1000828737
1000828720
1000828707
1000828635
1000828503
1000828500
1000828423
1000828255
1000828230
1000828040
1000827966
1000827891
1000827848
1000827734
1000827486
1000827471
1000827413
1000827389
1000827369
1000827320
1000827190
1000827190
1000827136
1000827133
1000827081
1000827041
1000826982
1000826767
1000826681
1000826678
1000826592
1000826544
1000826527
1000826197
1000826161
1000826110
1000826039
1000826019
1000825986
1000825970
1000825889
1000825852
1000825808
1000825732
1000825717
1000825696
1000825665
1000873204
1000870407
1000870248
1000868628
1000863194
1000860247
1000858691
1000855045
1000854130
1000853582
1000853347
1000853273
1000851221
1000851079
1000850896
1000850735
1000850625
1000850264
1000849178
1000849064
1000848693
1000848234
1000848066
1000847455
1000847306
1000847077
1000846824
1000846515
1000846391
1000846230
1000846205
1000845835
1000845804
1000845751
1000845716
1000845632
1000845599
1000845523
1000845478
1000845383
1000845154
1000845123
1000845099
1000845054
1000844833
1000844628
1000844619
1000844536
1000844512
1000844081
1000843792
1000843756
1000843666
1000843588
1000843525
1000843523
1000843449
1000843419
1000843371
1000842931
1000842496
1000842495
1000842483
1000842323
1000842260
1000842099
1000842069
1000842011
1000841981
1000841908
1000841851
1000841823
1000841585
1000841543
1000841506
1000841292
1000841283
1000841187
1000841000
1000840914
1000840700
1000840629
1000840561
1000840242
1000840159
1000840134
1000840070
1000839996
1000839972
1000839823
1000839776
1000839717
1000839686
1000839625
1000839622
1000839580
1000839500
1000839439
1000839362
1000839339
1000839303
1000839301
1000839301
1000839284
1000839252
1000839086
1000838993
1000838809
1000838759
1000838732
1000838661
1000838609
1000838535
1000838456
1000838423
1000838356
1000838283
1000838164
1000838131
1000838085
1000838065
1000837848
1000837773
1000837673
1000837670
1000837613
1000837559
1000837417
1000837397
1000837253
1000837221
1000837106
1000837041
1000836981
1000836897
1000836869
1000836800
1000836799
1000836762
1000836680
1000836567
1000836472
1000836394
1000836298
1000836224
1000836084
1000836046
1000836029
1000835928
1000835911
1000835704
1000835692
1000835676
1000835616
1000835611
1000835594
1000835525
1000835522
1000835493
1000835487
1000835436
1000835393
1000835357
1000835272
1000835196
1000834956
1000834866
1000834814
1000834751
1000834740
1000834713
1000834703
1000834700
1000834683
1000834675
1000834612
1000834577
1000834288
1000834284
1000834249
1000834160
1000834159
1000834122
1000834109
1000834109
1000834067
1000873204
1000870407
1000870248
1000869059
1000868628
1000865419
1000863194
1000863107
1000862457
1000862374
1000860724
1000860701
1000860247
1000859865
1000859351
1000859321
1000859133
1000859116
1000858691
1000858237
1000858142
1000857952
1000857733
1000857699
1000856499
1000856071
1000855712
1000855534
1000855268
1000855229
1000855091
1000855045
1000854895
1000854707
1000854652
1000854593
1000854192
1000854130
1000854122
1000854088
1000853638
1000853582
1000853564
1000853347
1000853273
1000853044
1000853003
1000852901
1000852776
1000852589
1000852579
1000852332
1000852275
1000852200
1000851867
1000851733
1000851271
1000851267
1000851221
1000851125
1000851079
1000851073
1000850896
1000850766
1000850735
1000850625
1000850589
1000850477
1000850429
1000850285
1000850267
1000850264
1000850248
1000849918
1000849878
1000849739
1000849652
1000849475
1000849246
1000849178
1000849162
1000849064
1000849060
1000848949
1000848931
1000848926
1000848813
1000848693
1000848618
1000848570
1000848553
1000848536
1000848467
1000848447
1000848433
1000848324
1000848251
1000848234
1000848171
1000848082
1000848066
1000847873
1000847835
1000847710
1000847563
1000847455
1000847431
1000847421
1000847408
1000847341
1000847306
1000847091
1000847077
1000846954
1000846881
1000846824
1000846672
1000846607
1000846517
1000846515
1000846459
1000846391
1000846361
1000846350
1000846245
1000846240
1000846230
1000846205
1000846188
1000846156
1000846140
1000846139
1000846139
1000846047
1000846021
1000845947
1000845835
1000845804
1000845751
1000845718
1000845716
1000845632
1000845599
1000845523
1000845478
1000845383
1000845253
1000845222
1000845178
1000845154
1000845131
1000845129
1000845123
1000845099
1000845081
1000845054
1000844909
1000844860
1000844854
1000844833
1000844793
1000844661
1000844636
1000844628
1000844619
1000844536
1000844512
1000844447
1000844416
1000844083
1000844081
1000843961
1000843952
1000843942
1000843924
1000892638
1000884669
1000874375
1000873204
1000872590
1000872143
1000870407
1000870370
1000870355
1000870248
1000869089
1000869059
1000868863
1000868628