1004736006
1004729732
1004728164
1004726921
1004725210
1004722629
1004719450
1004719449
1004718603
1004717683
1004716163
1004715987
1004715953
1004714967
1004714699
1004713826
1004713565
1004713334
1004713165
1004713028
1004712891
1004712854
1004712830
1004712376
1004712376
1004712228
1004711924
1004711797
1004711635
1004711545
1004711504
1004711373
1004711355
1004711316
1004711314
1004711262
1004710991
1004710769
1004710701
1004710517
1004710514
1004710450
1004710273
1004710174
1004709919
1004709782
1004709744
1004709638
1004709617
1004709586
1004709562
1004709474
1004709292
1004708890
1004708846
1004708704
1004708377
1004708362
1004708305
1004708245
1004708210
1004708108
1004707851
1004707825
1004707676
1004707651
1004707615
1004707594
1004707481
1004707346
1004707276
1004707206
1004707061
1004706571
1004706506
1004706469
1004706328
1004706249
1004706233
1004706134
1004706078
1004706064
1004706029
1004705927
1004705847
1004705777
1004705745
1004705527
1004705468
1004705417
1004705346
1004705255
1004705072
1004705036
1004705018
1004704908
1004704901
1004704881
1004704777
1004704708
1004704659
1004704575
1004704480
1004704425
1004704338
1004704291
1004704242
1004704203
1004703920
1004703834
1004703827
1004703811
1004703800
1004703703
1004703696
1004703514
1004703480
1004703450
1004703440
1004703436
1004703333
1004703192
1004703166
1004703134
1004703097
1004703012
1004702966
1004702899
1004702897
1004702783
1004702745
1004702721
1004702613
1004702596
1004702591
1004702580
1004702579
1004702548
1004702480
1004702385
1004702253
1004702226
1004702189
1004702149
1004702135
1004702112
1004702083
1004702082
1004702003
1004701931
1004701841
1004701715
1004701705
1004701589
1004701561
1004701451
1004701443
1004701410
1004701268
1004701207
1004701043
1004701038
1004700952
1004700899
1004700869
1004700838
1004700780
1004700761
1004700699
1004700661
1004700557
1004700544
1004700527
1004700498
1004700478
1004700446
1004700442
1004700402
1004700350
1004700320
1004700262
1004700209
1004700207
1004700166
1004700144
1004700070
1004700055
1004699984
1004699930
1004699895
1004699889
1004699826
1004699824
1004699804
1004699772
1004699689
1004699686
1004699473
1004699446
1004699436
1004699395
1004699340
1004699289
1004699288
1004699237
1004699166
1004699166
1004699136
1004699132
1004742877
1004740972
1004737017
1004736006
1004733673
1004729732
1004729237
1004728696
1004728681
1004728640
1004728164
1004727861
1004727134
1004726921
1004725264
1004725260
1004725210
1004725135
1004724805
1004724585
1004724254
1004723637
1004723465
1004722930
1004722629
1004722182
1004722029
1004721106
1004720988
1004720920
1004720803
1004720231
1004720071
1004719922
1004719903
1004719534
1004719507
1004719475
1004719450
1004719449
1004719356
1004719141
1004719107
1004718879
1004718793
1004718789
1004718603
1004718560
1004718446
1004718289
1004718222
1004718189
1004718148
1004718100
1004717906
1004717865
1004717739
1004717683
1004717461
1004717396
1004717331
1004717278
1004717102
1004716917
1004716793
1004716757
1004716741
1004716711
1004716692
1004716692
1004716664
1004716556
1004716335
1004716163
1004716159
1004715987
1004715953
1004715940
1004715871
1004715847
1004715792
1004715769
1004715639
1004715603
1004715574
1004715542
1004715500
1004715347
1004715338
1004715230
1004715196
1004715116
1004714967
1004714932
1004714699
1004714666
1004714622
1004714421
1004714266
1004714237
1004714170
1004714162
1004713990
1004713892
1004713890
1004713826
1004713795
1004713670
1004713647
1004713565
1004713553
1004713456
1004713437
1004713334
1004713321
1004713165
1004713084
1004713040
1004713028
1004712985
1004712913
1004712909
1004712891
1004712869
1004712854
1004712830
1004712808
1004712785
1004712730
1004712723
1004712645
1004712573
1004712521
1004712376
1004712355
1004712331
1004712320
1004712234
1004712228
1004712179
1004712172
1004712164
1004712150
1004711952
1004711924
1004711894
1004711797
1004711759
1004711635
1004711545
1004711504
1004711493
1004711373
1004711371
1004711355
1004711316
1004711314
1004711262
1004710993
1004710991
1004710948
1004710769
1004710701
1004710517
1004710514
1004710468
1004710450
1004710366
1004710348
1004710321
1004710273
1004710208
1004710174
1004709999
1004709995
1004709949
1004709919
1004709918
1004709782
1004709777
1004709744
1004709638
1004709631
1004709617
1004709586
1004709566
1004709562
1004709474
1004709420
1004709308
1004709292
1004709240
1004709104
1004709083
1004709068
1004709023
1004708956
1004708943
1004708934
1004708890
1004708883
1004708846
1004708724
1004708704
1004708455
1004708421
1004708377
1004708377
1004708362
1004708305
1004708305
1004708305
1004708305
1004708305
1004708305
1004708305
1004752930
1004746538
1004745284
1004744761
1004744701
1004744271
1004742877
1004741177
1004740972
1004738380
1004737017
1004736006
1004734307
1004733673
1004733179
1004732797
1004732650
1004732436
1004731300
1004731180
1004730878
1004730711
1004730475
1004730429
1004730285
1004729963
1004729732
1004729237
1004728791
1004728704
1004728696
1004728681
1004728657
1004728646
1004728640
1004728624
1004728623
1004728164
1004728015
1004727861
1004727839
1004727777
1004727520
1004727399
1004727134
1004727021
1004726965
1004726936
1004726921
1004726839
1004726770
1004726750
1004726268
1004726151
1004726099
1004726013
1004725474
1004725469
1004725457
1004725307
1004725290
1004725264
1004725260
1004725210
1004725135
1004725100
1004725021
1004724987
1004724813
1004724805
1004724791
1004724760
1004724585
1004724441
1004724404
1004724275
1004724254
1004724138
1004723847
1004723733
1004723708
1004723675
1004723658
1004723637
1004723609
1004723465
1004723461
1004723345
1004723231
1004723221
1004723207
1004723203
1004722937
1004722930
1004722906
1004722894
1004722880
1004722849
1004722739
1004722629
1004722611
1004722600
1004722600
1004722521
1004722453
1004722363
1004722362
1004722310
1004722182
1004722029
1004722025
1004721723
1004721621
1004721328
1004721309
1004721222
1004721155
1004721133
1004721106
1004721104
1004721071
1004721008
1004720988
1004720986
1004720920
1004720871
1004720806
1004720803
1004720617
1004720585
1004720400
1004720345
1004720231
1004720071
1004720037
1004719994
1004719922
1004719903
1004719631
1004719610
1004719569
1004719569
1004719534
1004719507
1004719475
1004719450
1004719449
1004719356
1004719341
1004719325
1004719324
1004719254
1004719141
1004719107
1004719075
1004718908
1004718879
1004718793
1004718789
1004718776
1004718647
1004718639
1004718618
1004718603
1004718560
1004718519
1004718483
1004718446
1004718416
1004718403
1004718293
1004718289
1004718263
1004718248
1004718222
1004718189
1004718148
1004718141
1004718100
1004718088
1004718021
1004717986
1004717906
1004717865
1004717844
1004717744
1004717739
1004717718
1004717683
1004717683
1004753048
1004752930
1004750430
1004748901
1004748501
1004746538
1004746215
1004745284
1004744761
1004744701
1004744271
1004742877
1004741637
1004741177
1004740984
1004740972
1004740873
1004740842
1004740134
1004739593
1004739436
1004739301
1004738871
1004738777
1004738689
1004738414
1004738380
1004738062
1004737996
1004737559
1004737277
1004737017
1004736889
1004736817
1004736696
1004736622
1004736173
1004736172
1004736134
1004736006
1004735776
1004735552
1004735534
1004735432
1004735260
1004735229
1004735059
1004734914
1004734806
1004734735
1004734485
1004734483
1004734436
1004734307
1004734174
1004734074
1004733677
1004733673
1004733655
1004733523
1004733223
1004733179
1004733068
1004733045
1004733004
1004732865
1004732814
1004732797
1004732650
1004732497
1004732436
1004732435
1004732337
1004732208
1004732151
1004732092
1004732057
1004731918
1004731910
1004731624
1004731498
1004731300
1004731180
1004731152
1004731006
1004730878
1004730840
1004730827
1004730764
1004730711
1004730621
1004730541
1004730475
1004730429
1004730350
1004730285
1004730087
1004730071
1004730071
1004730062
1004730040
1004730028
1004729969
1004729963
1004729874
1004729750
1004729732
1004729608
1004729599
1004729459
1004729265
1004729237
1004729144
1004728847
1004728791
1004728752
1004728704
1004728696
1004728681
1004728657
1004728646
1004728640
1004728624
1004728623
1004728577
1004728546
1004728512
1004728427
1004728424
1004728368
1004728268
1004728250
1004728236
1004728226
1004728164
1004728149
1004728115
1004728090
1004728015
1004727861
1004727839
1004727777
1004727765
1004727735
1004727735
1004727638
1004727556
1004727520
1004727514
1004727451
1004727421
1004727399
1004727347
1004727235
1004727221
1004727180
1004727157
1004727134
1004727021
1004727006
1004726965
1004726936
1004726921
1004726914
1004726881
1004726839
1004726829
1004726791
1004726780
1004726770
1004726750
1004726628
1004726539
1004726422
1004726348
1004726268
1004726233
1004726172
1004726151
1004726099
1004726013
1004725984
1004725936
1004725622
1004725548
1004725476
1004725474
1004725469
1004725457
1004725307
1004725290
1004725264
1004725260
1004764324
1004759607
1004757014
1004755957
1004755231
1004753048
1004752930
1004752504
1004750430
1004750153
1004749299
1004749294
1004748901
1004748688
1004748501
1004748405
1004747196
1004746538
1004746457
1004746324
1004746215
1004745836
1004745662
1004745472
1004745472
1004745285
1004745284
1004745069
1004744857
1004744761
1004744701
1004744473
1004744271
1004744109
1004744098
1004743907
1004743365
1004743238
1004742939
1004742877
1004742756
1004742580
1004742492
1004742331
1004742113
1004742110
1004742103
1004742092
1004741991
1004741986
1004741952
1004741832
1004741755
1004741649
1004741637
1004741263
1004741238
1004741212
1004741177
1004741108
1004741020
1004740984
1004740972
1004740873
1004740842
1004740718
1004740683
1004740667
1004740657
1004740649
1004740603
1004740575
1004740565
1004740555
1004740292
1004740260
1004740173
1004740134
1004739997
1004739903
1004739801
1004739790
1004739593
1004739588
1004739468
1004739436
1004739301
1004739057
1004739056
1004739027
1004738920
1004738902
1004738871
1004738777
1004738689
1004738611
1004738414
1004738413
1004738398
1004738380
1004738340
1004738236
1004738214
1004738210
1004738194
1004738062
1004737996
1004737926
1004737643
1004737611
1004737561
1004737559
1004737499
1004737365
1004737324
1004737306
1004737277
1004737246
1004737232
1004737191
1004737155
1004737018
1004737017
1004736994
1004736889
1004736817
1004736696
1004736664
1004736622
1004736578
1004736499
1004736464
1004736444
1004736287
1004736267
1004736255
1004736253
1004736245
1004736173
1004736172
1004736134
1004736130
1004736108
1004736040
1004736006
1004735870
1004735805
1004735776
1004735737
1004735643
1004735643
1004735552
1004735534
1004735500
1004735432
1004735320
1004735260
1004735229
1004735113
1004735059
1004735014
1004734980
1004734966
1004734914
1004734903
1004734825
1004734812
1004734806
1004734790
1004734735
1004734734
1004734693
1004734552
1004734529
1004734485
1004734483
1004734467
1004734436
1004734307
1004734174
1004734138
1004734074
1004733935
1004733884
1004733848
1004733720
1004733677
1004733674
1004733673
1004733655
1004733567
1004733523
1004733475
1004733475
1004733475
1004768574
1004764324
1004761469
1004759607
1004758094
1004757442
1004757014
1004756680
1004755957
1004755231
1004755030
1004754659
1004754439
1004753857
1004753543
1004753286
1004753048
1004752930
1004752636
1004752504
1004752165
1004752085
1004752067
1004751921
1004751902
1004751887
1004751817
1004751470
1004751129
1004750884
1004750724
1004750430
1004750429
1004750425
1004750153
1004749438
1004749381
1004749325
1004749299
1004749294
1004749255
1004749048
1004749046
1004748901
1004748854
1004748796
1004748688
1004748537
1004748535
1004748512
1004748501
1004748434
1004748408
1004748405
1004748367
1004748246
1004748160
1004748072
1004747996
1004747918
1004747783
1004747715
1004747701
1004747587
1004747465
1004747366
1004747196
1004747148
1004747077
1004746975
1004746955
1004746927
1004746842
1004746769
1004746595
1004746538
1004746482
1004746457
1004746337
1004746324
1004746272
1004746215
1004746180
1004746154
1004746062
1004746058
1004746041
1004746028
1004745965
1004745914
1004745896
1004745836
1004745833
1004745748
1004745700
1004745681
1004745679
1004745662
1004745602
1004745545
1004745527
1004745521
1004745488
1004745484
1004745472
1004745285
1004745284
1004745284
1004745249
1004745182
1004745069
1004744927
1004744857
1004744835
1004744808
1004744761
1004744701
1004744637
1004744528
1004744504
1004744473
1004744437
1004744389
1004744271
1004744141
1004744109
1004744098
1004743981
1004743907
1004743635
1004743534
1004743511
1004743458
1004743365
1004743279
1004743238
1004743235
1004743113
1004742939
1004742877
1004742756
1004742580
1004742520
1004742492
1004742331
1004742266
1004742180
1004742166
1004742113
1004742110
1004742103
1004742092
1004741991
1004741986
1004741952
1004741942
1004741859
1004741853
1004741835
1004741832
1004741774
1004741755
1004741729
1004741726
1004741649
1004741637
1004741549
1004741545
1004741484
1004741436
1004741321
1004741263
1004741238
1004741212
1004741205
1004741192
1004741177
1004741155
1004741108
1004741020
1004740984
1004740972
1004740891
1004740873
1004740842
1004740801
1004740718
1004740711
1004778988
1004775501
1004775147
1004773334
1004771457
1004768574
1004767011
1004766655
1004765643
1004765331
1004764324
1004763227
1004762788
1004762707
1004762189
1004761565
1004761469
1004760711
1004760560
1004760309
1004760309
1004760150
1004759607
1004759520
1004759134
1004759081
1004759022
1004758850
1004758812
1004758714
1004758546
1004758528
1004758483
1004758338
1004758224
1004758094
1004758060
1004757961
1004757843
1004757762
1004757760
1004757715
1004757610
1004757455
1004757442
1004757343
1004757265
1004757014
1004756993
1004756960
1004756915
1004756680
1004756547
1004756425
1004756347
1004756291
1004756185
1004756150
1004756088
1004756063
1004755999
1004755979
1004755957
1004755709
1004755393
1004755266
1004755233
1004755231
1004755177
1004755113
1004755030
1004754753
1004754751
1004754659
1004754439
1004754359
1004754308
1004754269
1004754238
1004754197
1004754107
1004754033
1004753939
1004753857
1004753854
1004753801
1004753730
1004753708
1004753566
1004753543
1004753384
1004753286
1004753279
1004753214
1004753197
1004753068
1004753050
1004753048
1004752989
1004752930
1004752649
1004752636
1004752572
1004752504
1004752217
1004752165
1004752085
1004752067
1004752027
1004751921
1004751907
1004751902
1004751887
1004751817
1004751707
1004751667
1004751639
1004751571
1004751470
1004751460
1004751331
1004751248
1004751244
1004751242
1004751145
1004751129
1004751004
1004750920
1004750884
1004750866
1004750854
1004750777
1004750724
1004750658
1004750536
1004750430
1004750429
1004750425
1004750350
1004750153
1004750152
1004750091
1004750082
1004750078
1004750060
1004749780
1004749774
1004749614
1004749609
1004749509
1004749438
1004749418
1004749386
1004749381
1004749325
1004749299
1004749294
1004749280
1004749255
1004749048
1004749046
1004748962
1004748936
1004748901
1004748854
1004748796
1004748791
1004748732
1004748704
1004748688
1004748668
1004748620
1004748537
1004748535
1004748512
1004748501
1004748434
1004748408
1004748405
1004748367
1004748270
1004748263
1004748246
1004748165
1004748162
1004748160
1004748086
1004748072
1004786318
1004782983
1004780507
1004779116
1004778988
1004778665
1004778160
1004778006
1004777802
1004775988
1004775501
1004775443
1004775147
1004773334
1004771589
1004771457
1004771195
1004770873
1004770225
1004770049
1004768574
1004768185
1004767858
1004767830
1004767016
1004767011
1004766961
1004766760
1004766700
1004766655
1004766405
1004766245
1004766086
1004765947
1004765861
1004765712
1004765643
1004765638
1004765527
1004765346
1004765331
1004765147
1004764910
1004764699
1004764665
1004764324
1004764065
1004763987
1004763420
1004763388
1004763378
1004763295
1004763268
1004763249
1004763227
1004763215
1004763114
1004762997
1004762938
1004762788
1004762764
1004762707
1004762618
1004762566
1004762559
1004762544
1004762280
1004762189
1004762059
1004761950
1004761792
1004761655
1004761644
1004761641
1004761565
1004761469
1004761466
1004761323
1004761233
1004761229
1004761208
1004761180
1004761062
1004761007
1004760724
1004760711
1004760707
1004760674
1004760593
1004760583
1004760581
1004760560
1004760531
1004760487
1004760443
1004760309
1004760261
1004760150
1004760083
1004759939
1004759936
1004759858
1004759858
1004759821
1004759791
1004759705
1004759675
1004759607
1004759549
1004759520
1004759479
1004759401
1004759400
1004759336
1004759320
1004759305
1004759290
1004759260
1004759232
1004759229
1004759134
1004759081
1004759058
1004759022
1004758930
1004758850
1004758812
1004758733
1004758714
1004758627
1004758613
1004758591
1004758569
1004758546
1004758528
1004758500
1004758483
1004758338
1004758263
1004758224
1004758150
1004758094
1004758060
1004757961
1004757843
1004757762
1004757760
1004757748
1004757734
1004757715
1004757639
1004757639
1004757612
1004757610
1004757455
1004757442
1004757419
1004757418
1004757416
1004757394
1004757343
1004757322
1004757265
1004757150
1004757135
1004757014
1004757010
1004756993
1004756960
1004756944
1004756935
1004756915
1004756822
1004756739
1004756680
1004756547
1004756499
1004756476
1004756425
1004756347
1004756336
1004756291
1004756232
1004756185
1004756150
1004756088
1004756063
1004755999
1004755979
1004755973
1004755957
1004755842
1004755800
1004755767
1004755744
1004755729
1004755709
1004755552
1004755505
1004755447
1004755393
1004755392
1004755392
1004755266
1004755266
1004755266
1004755266
1004755266
1004755266
1004789490
1004788593
1004787268
1004787018
1004786380
1004786318
1004786041
1004785813
1004783916
1004782983
1004781745
1004780622
1004780507
1004780366
1004779613
1004779116
1004778988
1004778665
1004778160
1004778006
1004777802
1004777761
1004777510
1004777192
1004776290
1004775988
1004775967
1004775586
1004775501
1004775443
1004775167
1004775147
1004774861
1004774624
1004774538
1004774405
1004773914
1004773903
1004773531
1004773334
1004773215
1004773124
1004772987
1004772977
1004772782
1004772709
1004772471
1004772429
1004772265
1004772168
1004771974
1004771939
1004771912
1004771858
1004771830
1004771658
1004771589
1004771555
1004771459
1004771457
1004771446
1004771385
1004771299
1004771273
1004771195
1004771164
1004771069
1004770976
1004770873
1004770695
1004770566
1004770409
1004770225
1004770218
1004770049
1004770013
1004770012
1004769965
1004769846
1004769798
1004769650
1004769483
1004769483
1004769270
1004769175
1004769116
1004769014
1004768822
1004768765
1004768697
1004768574
1004768536
1004768525
1004768298
1004768256
1004768185
1004768130
1004768047
1004767912
1004767858
1004767830
1004767805
1004767735
1004767719
1004767615
1004767534
1004767486
1004767246
1004767040
1004767016
1004767011
1004766961
1004766761
1004766760
1004766700
1004766655
1004766606
1004766581
1004766580
1004766580
1004766531
1004766405
1004766308
1004766245
1004766161
1004766086
1004766036
1004765947
1004765920
1004765911
1004765861
1004765755
1004765712
1004765687
1004765643
1004765638
1004765568
1004765555
1004765541
1004765528
1004765527
1004765501
1004765346
1004765331
1004765328
1004765210
1004765147
1004765133
1004765112
1004764955
1004764925
1004764910
1004764885
1004764780
1004764768
1004764699
1004764665
1004764643
1004764632
1004764631
1004764596
1004764451
1004764418
1004764326
1004764324
1004764286
1004764277
1004764269
1004764140
1004764065
1004764025
1004764025
1004763987
1004763920
1004763676
1004763608
1004763601
1004763594
1004763560
1004763420
1004763388
1004763378
1004763364
1004763295
1004763268
1004763249
1004763227
1004763215
1004763213
1004763180
1004763144
1004763114
1004763084
1004763021
1004762997
1004762957
1004762938
1004762874
1004762850
1004762788
1004762764
1004762707
1004762630
1004762618
1004762587
1004762566
1004762559
1004762547
1004762544
1004762514
1004762496
1004762449
1004762377
1004762280
1004762242
1004762189
1004762187
1004762186
1004762068
1004762068
1004762068
1004762068
1004762068
1004762068
1004762068
1004762068
1004762068
1004762068
1004762068
1004762068
1004762068
1004800401
1004794003
1004793222
1004792964
1004792250
1004792119
1004790692
1004789490
1004788593
1004788470
1004787394
1004787268
1004787018
1004786380
1004786318
1004786041
1004785925
1004785813
1004784652
1004784361
1004784319
1004783916
1004783614
1004783343
1004783203
1004782983
1004782890
1004782433
1004782271
1004781745
1004781311
1004781291
1004781012
1004780622
1004780507
1004780465
1004780458
1004780433
1004780395
1004780366
1004780281
1004780037
1004779850
1004779748
1004779623
1004779613
1004779593
1004779290
1004779180
1004779162
1004779151
1004779116
1004779106
1004778992
1004778988
1004778970
1004778954
1004778665
1004778362
1004778320
1004778229
1004778160
1004778052
1004778006
1004777846
1004777802
1004777761
1004777551
1004777510
1004777459
1004777192
1004776917
1004776703
1004776623
1004776568
1004776560
1004776470
1004776318
1004776290
1004776202
1004775988
1004775967
1004775886
1004775796
1004775759
1004775718
1004775586
1004775501
1004775443
1004775304
1004775250
1004775239
1004775225
1004775201
1004775173
1004775170
1004775167
1004775147
1004775117
1004775051
1004774963
1004774861
1004774709
1004774624
1004774612
1004774538
1004774425
1004774405
1004774367
1004774269
1004773989
1004773914
1004773903
1004773869
1004773852
1004773849
1004773836
1004773752
1004773742
1004773685
1004773531
1004773442
1004773334
1004773215
1004773165
1004773124
1004773116
1004773074
1004773011
1004772987
1004772977
1004772851
1004772783
1004772782
1004772776
1004772709
1004772604
1004772543
1004772531
1004772471
1004772430
1004772429
1004772366
1004772335
1004772265
1004772237
1004772168
1004772085
1004772039
1004771987
1004771974
1004771939
1004771912
1004771858
1004771830
1004771804
1004771777
1004771671
1004771668
1004771658
1004771629
1004771589
1004771558
1004771555
1004771459
1004771457
1004771446
1004771385
1004771299
1004771296
1004771273
1004771197
1004771195
1004771164
1004771108
1004771069
1004771046
1004770976
1004770873
1004770853
1004770779
1004770766
1004770695
1004770566
1004770552
1004770528
1004770409
1004770225
1004770218
1004770141
1004770064
1004770054
1004770052
1004770049
1004770013
1004770012
1004769965
1004769935
1004769846
1004769836
1004769798
1004769724
1004769650
1004769484
1004769483
1004769316
1004769270
1004769229
1004805432
1004801953
1004801376
1004800952
1004800401
1004799725
1004794003
1004793222
1004792964
1004792361
1004792250
1004792119
1004791784
1004791190
1004790692
1004790315
1004790127
1004790037
1004789827
1004789490
1004789343
1004789218
1004788871
1004788871
1004788683
1004788593
1004788548
1004788506
1004788470
1004788465
1004788391
1004788313
1004788147
1004787950
1004787891
1004787818
1004787809
1004787753
1004787570
1004787394
1004787268
1004787018
1004786546
1004786380
1004786318
1004786254
1004786173
1004786098
1004786066
1004786041
1004786002
1004785925
1004785813
1004785756
1004785501
1004785417
1004785196
1004785161
1004785034
1004785027
1004784936
1004784857
1004784652
1004784548
1004784361
1004784361
1004784319
1004784304
1004784281
1004784133
1004784070
1004783916
1004783840
1004783739
1004783712
1004783649
1004783642
1004783614
1004783386
1004783343
1004783203
1004783186
1004783087
1004782983
1004782890
1004782871
1004782789
1004782445
1004782433
1004782415
1004782271
1004782144
1004782049
1004781778
1004781756
1004781745
1004781537
1004781523
1004781513
1004781404
1004781351
1004781311
1004781291
1004781283
1004781255
1004781255
1004781196
1004781012
1004780964
1004780915
1004780880
1004780647
1004780622
1004780600
1004780531
1004780507
1004780476
1004780465
1004780458
1004780433
1004780395
1004780372
1004780366
1004780281
1004780244
1004780037
1004779969
1004779891
1004779850
1004779748
1004779742
1004779720
1004779623
1004779613
1004779593
1004779476
1004779395
1004779374
1004779359
1004779330
1004779291
1004779290
1004779286
1004779284
1004779241
1004779195
1004779180
1004779162
1004779151
1004779116
1004779106
1004779058
1004778996
1004778992
1004778988
1004778970
1004778954
1004778766
1004778752
1004778684
1004778665
1004778634
1004778449
1004778441
1004778391
1004778362
1004778320
1004778229
1004778228
1004778160
1004778119
1004778065
1004778052
1004778041
1004778006
1004777861
1004777846
1004777802
1004777761
1004777727
1004777697
1004777604
1004777582
1004777551
1004777529
1004777510
1004777498
1004777459
1004777411
1004777397
1004777374
1004777341
1004777192
1004777126
1004777005
1004776954
1004776921
1004776917
1004776796
1004776734
1004776703
1004776623
1004776612
1004776568
1004776567
1004776560
1004776470
1004811351
1004806744
1004805432
1004802191
1004801985
1004801953
1004801376
1004800952
1004800719
1004800401
1004800143
1004799725
1004798993
1004796776
1004796633
1004796620
1004796514
1004796513
1004796091
1004794941
1004794716
1004794693
1004794623
1004794623
1004794003
1004794001
1004793937
1004793713
1004793661
1004793564
1004793222
1004792964
1004792802
1004792617
1004792503
1004792361
1004792331
1004792250
1004792119
1004791938
1004791825
1004791795
1004791784
1004791492
1004791362
1004791246
1004791190
1004790982
1004790959
1004790887
1004790790
1004790698
1004790692
1004790554
1004790517
1004790387
1004790360
1004790358
1004790315
1004790206
1004790127
1004790110
1004790037
1004789902
1004789830
1004789827
1004789678
1004789667
1004789525
1004789490
1004789343
1004789334
1004789218
1004789191
1004789124
1004789114
1004789060
1004789056
1004788883
1004788871
1004788713
1004788706
1004788683
1004788634
1004788593
1004788548
1004788506
1004788470
1004788465
1004788391
1004788313
1004788270
1004788224
1004788147
1004788076
1004788026
1004788015
1004787965
1004787950
1004787931
1004787891
1004787876
1004787818
1004787809
1004787759
1004787753
1004787738
1004787738
1004787570
1004787544
1004787492
1004787489
1004787450
1004787425
1004787421
1004787394
1004787311
1004787268
1004787165
1004787132
1004787035
1004787018
1004786957
1004786808
1004786799
1004786618
1004786547
1004786546
1004786489
1004786380
1004786348
1004786318
1004786254
1004786234
1004786222
1004786198
1004786178
1004786173
1004786098
1004786066
1004786041
1004786002
1004785925
1004785891
1004785813
1004785756
1004785714
1004785700
1004785583
1004785501
1004785458
1004785429
1004785417
1004785298
1004785196
1004785161
1004785086
1004785034
1004785027
1004785024
1004784990
1004784936
1004784859
1004784857
1004784852
1004784775
1004784663
1004784652
1004784615
1004784548
1004784536
1004784394
1004784361
1004784319
1004784304
1004784303
1004784281
1004784262
1004784260
1004784133
1004784095
1004784070
1004784027
1004783916
1004783901
1004783840
1004783739
1004783712
1004783649
1004783642
1004783614
1004783478
1004783386
1004822166
1004812384
1004811351
1004807531
1004806744
1004805831
1004805432
1004805323
1004805034
1004804354
1004804244
1004803843
1004803818
1004803521
1004803096
1004802982
1004802690
1004802599
1004802191
1004802147
1004802097
1004802090
1004802055
1004801999
1004801985
1004801953
1004801376
1004801153
1004800972
1004800952
1004800822
1004800719
1004800579
1004800467
1004800401
1004800303
1004800143
1004800130
1004799734
1004799725
1004799723
1004799709
1004799657
1004799620
1004799380
1004799326
1004799297
1004799041
1004798993
1004798705
1004798309
1004797950
1004797782
1004796937
1004796913
1004796845
1004796776
1004796742
1004796736
1004796648
1004796633
1004796620
1004796620
1004796514
1004796513
1004796398
1004796388
1004796238
1004796091
1004796077
1004796023
1004795958
1004795900
1004795642
1004795613
1004795463
1004795371
1004795265
1004795161
1004795096
1004794941
1004794779
1004794716
1004794693
1004794642
1004794623
1004794528
1004794489
1004794430
1004794348
1004794319
1004794317
1004794206
1004794114
1004794003
1004794001
1004793957
1004793937
1004793854
1004793854
1004793803
1004793713
1004793677
1004793661
1004793639
1004793564
1004793481
1004793392
1004793386
1004793222
1004793217
1004793196
1004793107
1004793050
1004792964
1004792963
1004792802
1004792790
1004792753
1004792735
1004792617
1004792588
1004792503
1004792371
1004792361
1004792331
1004792316
1004792250
1004792119
1004792111
1004791938
1004791825
1004791795
1004791784
1004791750
1004791579
1004791553
1004791492
1004791475
1004791424
1004791398
1004791362
1004791308
1004791246
1004791214
1004791190
1004791109
1004791105
1004791034
1004791032
1004790982
1004790959
1004790903
1004790887
1004790806
1004790790
1004790698
1004790692
1004790625
1004790554
1004790517
1004790503
1004790408
1004790398
1004790387
1004790360
1004790358
1004790315
1004790218
1004790206
1004790138
1004790127
1004790110
1004790095
1004790063
1004790037
1004789977
1004789902
1004789830
1004789827
1004789805
1004789742
1004789685
1004789678
1004789667
1004789651
1004789525
1004789490
1004789343
1004789334
1004825193
1004822166
1004817991
1004816136
1004815303
1004814597
1004814204
1004812384
1004811428
1004811422
1004811351
1004811235
1004810135
1004809781
1004809727
1004809643
1004809556
1004809534
1004808957
1004808849
1004808825
1004808700
1004808185
1004807882
1004807882
1004807792
1004807678
1004807531
1004807327
1004807218
1004806987
1004806942
1004806744
1004806582
1004806516
1004806489
1004806353
1004806209
1004806136
1004805831
1004805435
1004805432
1004805323
1004805319
1004805288
1004805283
1004805185
1004805133
1004805034
1004804354
1004804244
1004804219
1004804014
1004803843
1004803837
1004803818
1004803521
1004803435
1004803308
1004803231
1004803225
1004803096
1004803060
1004803051
1004803038
1004802982
1004802840
1004802747
1004802690
1004802664
1004802599
1004802571
1004802549
1004802497
1004802410
1004802352
1004802191
1004802147
1004802097
1004802090
1004802055
1004801999
1004801985
1004801972
1004801953
1004801904
1004801871
1004801861
1004801579
1004801508
1004801500
1004801376
1004801350
1004801330
1004801155
1004801153
1004801057
1004800981
1004800972
1004800964
1004800952
1004800922
1004800861
1004800830
1004800822
1004800770
1004800770
1004800719
1004800579
1004800545
1004800486
1004800467
1004800401
1004800303
1004800281
1004800158
1004800143
1004800130
1004800105
1004800104
1004800069
1004800036
1004800005
1004799953
1004799786
1004799734
1004799725
1004799723
1004799709
1004799657
1004799620
1004799436
1004799399
1004799380
1004799326
1004799297
1004799282
1004799114
1004799041
1004799023
1004798993
1004798991
1004798983
1004798948
1004798893
1004798886
1004798835
1004798705
1004798704
1004798701
1004798679
1004798628
1004798573
1004798473
1004798442
1004798424
1004798309
1004798309
1004798254
1004798238
1004798179
1004798169
1004798092
1004798081
1004797950
1004797905
1004797852
1004797830
1004797782
1004797777
1004797582
1004797419
1004797417
1004797346
1004797335
1004797235
1004797175
1004797174
1004796937
1004796913
1004796845
1004796781
1004796776
1004796742
1004796736
1004796663
1004796648
1004796633
1004796620
1004796514
1004796513
1004796477
1004796434
1004796420
1004796398
1004796388
1004796380
1004796368
1004796314
1004796238
1004796194
1004796091
1004796078
1004796078
1004796077
1004833688
1004833627
1004829992
1004828963
1004828590
1004825257
1004825193
1004822166
1004822123
1004821453
1004820491
1004819070
1004819009
1004817991
1004817577
1004817097
1004817077
1004816850
1004816478
1004816299
1004816136
1004815303
1004814957
1004814769
1004814624
1004814597
1004814439
1004814297
1004814217
1004814204
1004814198
1004813842
1004813557
1004813400
1004812952
1004812735
1004812384
1004812339
1004812110
1004811839
1004811838
1004811829
1004811734
1004811658
1004811656
1004811476
1004811439
1004811437
1004811428
1004811422
1004811351
1004811235
1004811217
1004811007
1004811007
1004810974
1004810876
1004810659
1004810613
1004810457
1004810377
1004810268
1004810259
1004810137
1004810135
1004809945
1004809809
1004809781
1004809727
1004809679
1004809643
1004809599
1004809587
1004809556
1004809534
1004809462
1004809420
1004809333
1004809103
1004809038
1004809014
1004808957
1004808927
1004808849
1004808825
1004808710
1004808700
1004808684
1004808634
1004808596
1004808395
1004808185
1004808121
1004808086
1004807954
1004807934
1004807882
1004807792
1004807721
1004807704
1004807678
1004807677
1004807531
1004807508
1004807507
1004807453
1004807344
1004807327
1004807240
1004807218
1004807202
1004807092
1004807073
1004807034
1004806987
1004806961
1004806942
1004806914
1004806744
1004806666
1004806654
1004806625
1004806582
1004806516
1004806489
1004806463
1004806414
1004806403
1004806353
1004806337
1004806209
1004806166
1004806139
1004806136
1004806135
1004806131
1004806005
1004805912
1004805881
1004805866
1004805831
1004805824
1004805792
1004805760
1004805669
1004805479
1004805464
1004805435
1004805432
1004805422
1004805371
1004805370
1004805325
1004805323
1004805319
1004805288
1004805283
1004805247
1004805236
1004805218
1004805185
1004805163
1004805133
1004805034
1004805027
1004804999
1004804892
1004804813
1004804677
1004804552
1004804354
1004804273
1004804244
1004804227
1004804219
1004804014
1004803872
1004803866
1004803843
1004803837
1004803818
1004803815
1004803798
1004803788
1004803521
1004803435
1004803430
1004803395
1004803395
1004839222
1004837467
1004836258
1004833688
1004833627
1004832481
1004829992
1004828963
1004828590
1004827335
1004825787
1004825257
1004825193
1004824973
1004823803
1004823552
1004823244
1004823134
1004822376
1004822344
1004822267
1004822166
1004822147
1004822123
1004822095
1004821453
1004821138
1004821032
1004820950
1004820802
1004820623
1004820578
1004820573
1004820491
1004820289
1004820233
1004819974
1004819781
1004819619
1004819591
1004819461
1004819409
1004819116
1004819070
1004819043
1004819010
1004819009
1004818901
1004818781
1004818716
1004818611
1004818403
1004818343
1004818333
1004817991
1004817803
1004817622
1004817577
1004817541
1004817444
1004817253
1004817232
1004817127
1004817115
1004817110
1004817099
1004817097
1004817079
1004817077
1004817070
1004816942
1004816915
1004816850
1004816748
1004816588
1004816478
1004816413
1004816299
1004816136
1004815998
1004815783
1004815640
1004815443
1004815414
1004815373
1004815303
1004815028
1004815001
1004814987
1004814957
1004814769
1004814635
1004814624
1004814602
1004814597
1004814479
1004814470
1004814439
1004814397
1004814297
1004814217
1004814204
1004814203
1004814198
1004814198
1004814176
1004814118
1004814029
1004814009
1004814008
1004813907
1004813842
1004813664
1004813594
1004813570
1004813557
1004813516
1004813460
1004813400
1004813383
1004813331
1004813323
1004813157
1004813094
1004813071
1004813033
1004813032
1004812999
1004812952
1004812847
1004812821
1004812800
1004812746
1004812735
1004812701
1004812612
1004812611
1004812604
1004812543
1004812523
1004812502
1004812421
1004812401
1004812384
1004812339
1004812222
1004812110
1004812096
1004812061
1004812038
1004811977
1004811949
1004811862
1004811839
1004811838
1004811829
1004811734
1004811658
1004811656
1004811591
1004811501
1004811476
1004811443
1004811439
1004811437
1004811428
1004811422
1004811351
1004811294
1004811274
1004811235
1004811217
1004811029
1004811007
1004810988
1004810974
1004810876
1004810803
1004810795
1004810728
1004810717
1004810704
1004810685
1004810659
1004810613
1004810457
1004810408
1004810377
1004810282
1004810268
1004810259
1004810190
1004810180
1004810137
1004810135
1004810058
1004810033
1004809996
1004809984
1004809984
1004809984
1004850072
1004846668
1004846060
1004843883
1004840890
1004840759
1004840289
1004839639
1004839222
1004837467
1004836258
1004835590
1004834562
1004833688
1004833663
1004833627
1004833286
1004832696
1004832481
1004831477
1004830869
1004830814
1004830329
1004830158
1004829992
1004829439
1004829089
1004829083
1004828963
1004828590
1004828584
1004828453
1004828137
1004828068
1004827927
1004827549
1004827378
1004827335
1004827183
1004826910
1004826846
1004826790
1004826737
1004826664
1004826610
1004826387
1004826382
1004826372
1004825957
1004825787
1004825776
1004825657
1004825462
1004825297
1004825257
1004825212
1004825193
1004825174
1004825092
1004825040
1004825017
1004824973
1004824739
1004824716
1004824651
1004824619
1004824360
1004824360
1004824061
1004824037
1004824012
1004823885
1004823803
1004823643
1004823552
1004823549
1004823514
1004823244
1004823134
1004823042
1004822813
1004822804
1004822742
1004822542
1004822376
1004822344
1004822302
1004822267
1004822174
1004822166
1004822147
1004822123
1004822095
1004822025
1004821883
1004821697
1004821672
1004821609
1004821462
1004821453
1004821304
1004821138
1004821032
1004820955
1004820950
1004820896
1004820860
1004820816
1004820802
1004820632
1004820623
1004820610
1004820578
1004820573
1004820567
1004820531
1004820515
1004820491
1004820424
1004820400
1004820384
1004820330
1004820311
1004820294
1004820289
1004820233
1004820134
1004820055
1004819974
1004819820
1004819781
1004819706
1004819619
1004819614
1004819591
1004819462
1004819461
1004819409
1004819219
1004819116
1004819070
1004819044
1004819043
1004819010
1004819009
1004818975
1004818901
1004818828
1004818781
1004818718
1004818716
1004818629
1004818611
1004818569
1004818546
1004818459
1004818445
1004818403
1004818397
1004818362
1004818343
1004818333
1004818161
1004817991
1004817984
1004817879
1004817871
1004817817
1004817803
1004817675
1004817622
1004817577
1004817541
1004817477
1004817444
1004817389
1004817316
1004817315
1004817253
1004817248
1004817245
1004817232
1004817222
1004817127
1004817115
1004817110
1004817099
1004817097
1004817091
1004817079
1004817077
1004817070
1004816942
1004816915
1004854294
1004852049
1004850579
1004850072
1004848920
1004848003
1004846668
1004846060
1004843883
1004842784
1004842313
1004840890
1004840759
1004840702
1004840681
1004840289
1004839639
1004839222
1004839043
1004838853
1004838503
1004837531
1004837518
1004837488
1004837467
1004837027
1004836817
1004836796
1004836258
1004836149
1004835949
1004835590
1004834764
1004834758
1004834562
1004834549
1004834209
1004833778
1004833688
1004833663
1004833627
1004833614
1004833286
1004833050
1004832696
1004832481
1004832440
1004832372
1004832127
1004832050
1004832007
1004831993
1004831970
1004831961
1004831866
1004831772
1004831648
1004831631
1004831477
1004831477
1004831455
1004831219
1004831148
1004831123
1004831115
1004830878
1004830869
1004830832
1004830814
1004830774
1004830772
1004830607
1004830492
1004830456
1004830329
1004830314
1004830302
1004830249
1004830158
1004830117
1004829992
1004829911
1004829599
1004829439
1004829409
1004829332
1004829307
1004829304
1004829225
1004829123
1004829089
1004829083
1004828963
1004828928
1004828888
1004828869
1004828842
1004828761
1004828754
1004828590
1004828584
1004828453
1004828348
1004828348
1004828269
1004828232
1004828137
1004828068
1004827968
1004827965
1004827927
1004827906
1004827610
1004827555
1004827549
1004827521
1004827441
1004827435
1004827378
1004827343
1004827335
1004827284
1004827183
1004827168
1004827120
1004827116
1004827100
1004827045
1004826910
1004826857
1004826846
1004826845
1004826835
1004826819
1004826790
1004826737
1004826664
1004826610
1004826499
1004826400
1004826387
1004826382
1004826372
1004826311
1004826285
1004826282
1004826233
1004826216
1004825957
1004825952
1004825872
1004825787
1004825776
1004825729
1004825657
1004825543
1004825503
1004825462
1004825367
1004825350
1004825327
1004825297
1004825257
1004825212
1004825193
1004825174
1004825163
1004825136
1004825092
1004825040
1004825017
1004824973
1004824824
1004824794
1004824768
1004824765
1004824758
1004824739
1004824734
1004824716
1004824702
1004824651
1004824619
1004824464
1004824441
1004824360
1004824333
1004824312
1004824311
1004824259
1004824214
1004824167
1004824061
1004824037
1004824012
1004823913
1004823885
1004823803
1004823787
1004823737
1004858255
1004855415
1004854294
1004852374
1004852049
1004850579
1004850072
1004848920
1004848003
1004846668
1004846458
1004846153
1004846060
1004845935
1004845313
1004844910
1004844768
1004844383
1004843883
1004843862
1004843749
1004843432
1004843014
1004842902
1004842784
1004842667
1004842313
1004841722
1004841674
1004841601
1004841335
1004841042
1004840926
1004840890
1004840862
1004840850
1004840809
1004840759
1004840712
1004840702
1004840681
1004840537
1004840289
1004839830
1004839675
1004839639
1004839577
1004839498
1004839369
1004839279
1004839222
1004839060
1004839043
1004838853
1004838851
1004838589
1004838503
1004838107
1004837785
1004837645
1004837531
1004837518
1004837500
1004837488
1004837467
1004837439
1004837313
1004837272
1004837194
1004837119
1004837111
1004837027
1004836847
1004836817
1004836816
1004836796
1004836779
1004836725
1004836673
1004836597
1004836567
1004836258
1004836249
1004836149
1004836122
1004836019
1004835949
1004835898
1004835816
1004835734
1004835675
1004835592
1004835590
1004835485
1004835218
1004835185
1004835128
1004835128
1004835044
1004834927
1004834841
1004834764
1004834758
1004834750
1004834731
1004834689
1004834633
1004834581
1004834574
1004834562
1004834549
1004834379
1004834377
1004834371
1004834216
1004834209
1004834208
1004834187
1004834174
1004834096
1004833957
1004833878
1004833802
1004833778
1004833688
1004833664
1004833663
1004833636
1004833627
1004833614
1004833338
1004833286
1004833239
1004833236
1004833168
1004833156
1004833146
1004833050
1004832967
1004832931
1004832716
1004832696
1004832514
1004832502
1004832481
1004832444
1004832440
1004832375
1004832372
1004832358
1004832257
1004832235
1004832167
1004832164
1004832127
1004832050
1004832007
1004832001
1004832000
1004831993
1004831983
1004831970
1004831961
1004831866
1004831772
1004831712
1004831697
1004831685
1004831648
1004831631
1004831477
1004831470
1004831455
1004831283
1004831219
1004831218
1004831148
1004831123
1004831115
1004831058
1004830916
1004830882
1004830878
1004830869
1004830832
1004830814
1004830791
1004830774
1004830772
1004830607
1004830492
1004830492
1004830492
1004830492
1004830492
1004830492
1004830492
1004830492
1004830492
1004830492
1004874561
1004872807
1004872018
1004869994
1004868971
1004865414
1004864949
1004864271
1004862393
1004862046
1004861616
1004860403
1004859570
1004859118
1004858775
1004858255
1004858241
1004857877
1004857675
1004857630
1004857495
1004857375
1004857210
1004856693
1004856640
1004856383
1004856352
1004856138
1004855862
1004855646
1004855618
1004855515
1004855415
1004855380
1004855341
1004855297
1004855291
1004855209
1004854981
1004854550
1004854309
1004854294
1004854117
1004854039
1004853996
1004853995
1004853759
1004853743
1004853694
1004853565
1004853553
1004853505
1004853228
1004853200
1004853195
1004853129
1004853108
1004853028
1004852970
1004852802
1004852770
1004852745
1004852625
1004852578
1004852507
1004852483
1004852470
1004852409
1004852408
1004852374
1004852374
1004852345
1004852249
1004852245
1004852192
1004852147
1004852142
1004852087
1004852049
1004852008
1004851929
1004851882
1004851880
1004851630
1004851541
1004851297
1004851280
1004851277
1004851237
1004851117
1004851112
1004850772
1004850757
1004850703
1004850659
1004850630
1004850622
1004850583
1004850579
1004850453
1004850434
1004850331
1004850309
1004850304
1004850179
1004850087
1004850072
1004850013
1004849898
1004849889
1004849784
1004849738
1004849571
1004849537
1004849496
1004849477
1004849427
1004849343
1004849343
1004849319
1004849300
1004849214
1004849044
1004848931
1004848926
1004848920
1004848863
1004848833
1004848829
1004848782
1004848705
1004848686
1004848645
1004848634
1004848509
1004848503
1004848487
1004848475
1004848446
1004848419
1004848345
1004848338
1004848264
1004848147
1004848097
1004848003
1004848000
1004847972
1004847906
1004847781
1004847770
1004847703
1004847662
1004847592
1004847496
1004847445
1004847420
1004847343
1004847334
1004847288
1004847186
1004847122
1004847058
1004846969
1004846938
1004846915
1004846845
1004846804
1004846746
1004846681
1004846668
1004846663
1004846613
1004846599
1004846541
1004846533
1004846521
1004846458
1004846453
1004846431
1004846343
1004846310
1004846270
1004846178
1004846153
1004846123
1004846122
1004846111
1004846060
1004846055
1004846025
1004845975
1004845935
1004845927
1004845880
1004845852
1004845779
1004845752
1004845704
1004845654
1004882496
1004880694
1004879672
1004878187
1004877627
1004877094
1004875545
1004875023
1004874561
1004872807
1004872018
1004871002
1004869994
1004868971
1004866851
1004866509
1004865414
1004864949
1004864939
1004864794
1004864372
1004864271
1004864254
1004863501
1004863187
1004862956
1004862921
1004862915
1004862847
1004862736
1004862393
1004862069
1004862046
1004861760
1004861645
1004861616
1004861612
1004861414
1004861383
1004861168
1004860403
1004860248
1004860174
1004860112
1004860099
1004860093
1004860058
1004860053
1004859972
1004859917
1004859752
1004859678
1004859570
1004859529
1004859215
1004859196
1004859196
1004859118
1004859063
1004859036
1004858866
1004858775
1004858724
1004858691
1004858639
1004858582
1004858432
1004858345
1004858255
1004858241
1004858222
1004858193
1004858158
1004858094
1004858093
1004857934
1004857877
1004857832
1004857729
1004857679
1004857675
1004857630
1004857601
1004857495
1004857379
1004857375
1004857262
1004857210
1004857067
1004857036
1004856911
1004856812
1004856693
1004856661
1004856640
1004856454
1004856398
1004856383
1004856368
1004856352
1004856292
1004856169
1004856151
1004856138
1004856081
1004855862
1004855850
1004855752
1004855665
1004855646
1004855633
1004855618
1004855583
1004855515
1004855415
1004855380
1004855341
1004855297
1004855291
1004855209
1004855113
1004855076
1004854981
1004854821
1004854772
1004854712
1004854669
1004854612
1004854550
1004854518
1004854309
1004854308
1004854294
1004854284
1004854266
1004854160
1004854117
1004854108
1004854039
1004853996
1004853995
1004853979
1004853759
1004853743
1004853737
1004853732
1004853718
1004853694
1004853602
1004853584
1004853565
1004853553
1004853505
1004853426
1004853402
1004853228
1004853205
1004853200
1004853195
1004853165
1004853129
1004853108
1004853092
1004853070
1004853028
1004852970
1004852966
1004852957
1004852897
1004852842
1004852802
1004852801
1004852770
1004852745
1004852732
1004852703
1004852625
1004852578
1004852533
1004852529
1004852507
1004852483
1004852470
1004852409
1004852408
1004852374
1004852345
1004852249
1004852245
1004852192
1004852147
1004852142
1004852087
1004852049
1004852019
1004852008
1004851996
1004851952
1004851929
1004851885
1004851885
1004851882
1004851880
1004851874
1004893575
1004886958
1004883101
1004882496
1004880694
1004879672
1004878187
1004877732
1004877627
1004877319
1004877094
1004875545
1004875023
1004874561
1004873980
1004873328
1004872807
1004872230
1004872018
1004871871
1004871391
1004871372
1004871244
1004871122
1004871002
1004870858
1004870790
1004870789
1004870556
1004870546
1004870339
1004870299
1004870247
1004870103
1004869994
1004869970
1004869941
1004869788
1004869462
1004869281
1004868971
1004868932
1004868880
1004868854
1004868799
1004868280
1004868194
1004868169
1004868109
1004868045
1004867995
1004867966
1004867898
1004867861
1004867845
1004867786
1004867641
1004867595
1004867567
1004867440
1004867424
1004867419
1004867220
1004867188
1004867177
1004866851
1004866537
1004866509
1004866135
1004866059
1004865898
1004865893
1004865799
1004865705
1004865579
1004865476
1004865414
1004865377
1004865335
1004865326
1004865074
1004865039
1004864970
1004864949
1004864939
1004864920
1004864899
1004864831
1004864803
1004864794
1004864781
1004864759
1004864571
1004864508
1004864372
1004864322
1004864271
1004864262
1004864254
1004863879
1004863809
1004863757
1004863660
1004863606
1004863580
1004863572
1004863572
1004863501
1004863498
1004863478
1004863467
1004863397
1004863337
1004863320
1004863187
1004863138
1004863071
1004862956
1004862921
1004862915
1004862847
1004862736
1004862541
1004862497
1004862444
1004862393
1004862305
1004862069
1004862046
1004861802
1004861760
1004861645
1004861616
1004861612
1004861537
1004861530
1004861480
1004861414
1004861383
1004861369
1004861168
1004861072
1004861069
1004861069
1004861053
1004861027
1004860954
1004860895
1004860804
1004860773
1004860403
1004860400
1004860248
1004860194
1004860181
1004860174
1004860127
1004860125
1004860113
1004860112
1004860110
1004860099
1004860093
1004860058
1004860053
1004859995
1004859972
1004859917
1004859752
1004859696
1004859693
1004859692
1004859678
1004859570
1004859529
1004859442
1004859215
1004859213
1004859210
1004859196
1004859118
1004859063
1004859036
1004859020
1004858866
1004858809
1004858775
1004858724
1004858691
1004858639
1004858582
1004901209
1004899661
1004895017
1004893575
1004893461
1004888780
1004888723
1004887867
1004887520
1004886958
1004886095
1004883884
1004883644
1004883557
1004883101
1004882496
1004881411
1004880926
1004880717
1004880694
1004880612
1004879672
1004879122
1004879107
1004879080
1004878492
1004878187
1004878120
1004877983
1004877770
1004877732
1004877627
1004877489
1004877359
1004877319
1004877094
1004876584
1004876583
1004875594
1004875545
1004875283
1004875023
1004874882
1004874561
1004874481
1004874416
1004874230
1004874134
1004873980
1004873932
1004873487
1004873328
1004873211
1004873096
1004873009
1004872874
1004872807
1004872242
1004872230
1004872156
1004872152
1004872080
1004872018
1004871916
1004871871
1004871871
1004871814
1004871718
1004871660
1004871541
1004871398
1004871391
1004871372
1004871266
1004871244
1004871217
1004871122
1004871002
1004870996
1004870881
1004870858
1004870852
1004870827
1004870790
1004870789
1004870748
1004870734
1004870724
1004870645
1004870556
1004870546
1004870422
1004870376
1004870340
1004870339
1004870299
1004870260
1004870247
1004870207
1004870150
1004870141
1004870103
1004870024
1004869994
1004869974
1004869970
1004869941
1004869788
1004869618
1004869580
1004869553
1004869553
1004869462
1004869281
1004869237
1004868971
1004868932
1004868913
1004868891
1004868880
1004868854
1004868799
1004868570
1004868409
1004868357
1004868332
1004868330
1004868280
1004868276
1004868235
1004868194
1004868169
1004868161
1004868109
1004868045
1004867995
1004867966
1004867913
1004867898
1004867861
1004867845
1004867786
1004867701
1004867659
1004867641
1004867595
1004867567
1004867498
1004867455
1004867440
1004867424
1004867419
1004867374
1004867342
1004867337
1004867230
1004867220
1004867197
1004867188
1004867188
1004867177
1004867006
1004866953
1004866897
1004866851
1004866644
1004866603
1004866537
1004866509
1004866460
1004866331
1004866135
1004866123
1004866059
1004865960
1004865933
1004865898
1004865893
1004865858
1004865799
1004865705
1004865656
1004865579
1004865489
1004865476
1004865457
1004865422
1004865414
1004865410
1004865377
1004865353
1004865335
1004865326
1004865243
1004865221
1004909772
1004907707
1004904623
1004904499
1004904030
1004903108
1004901209
1004899661
1004897484
1004895017
1004893752
1004893575
1004893461
1004892697
1004892091
1004890654
1004890442
1004889528
1004889129
1004888780
1004888723
1004888515
1004887924
1004887867
1004887724
1004887722
1004887520
1004887443
1004887443
1004887247
1004887015
1004886958
1004886898
1004886830
1004886744
1004886648
1004886172
1004886095
1004886019
1004886006
1004885922
1004885761
1004885681
1004885649
1004885499
1004885330
1004885191
1004884858
1004884801
1004884586
1004883942
1004883925
1004883895
1004883884
1004883808
1004883747
1004883644
1004883557
1004883306
1004883101
1004882985
1004882834
1004882812
1004882772
1004882657
1004882496
1004882134
1004881964
1004881866
1004881692
1004881538
1004881436
1004881421
1004881411
1004881073
1004881031
1004881026
1004880926
1004880822
1004880757
1004880717
1004880694
1004880656
1004880612
1004880546
1004880416
1004880360
1004880339
1004880064
1004880046
1004879995
1004879695
1004879672
1004879606
1004879543
1004879408
1004879234
1004879205
1004879149
1004879122
1004879107
1004879080
1004878932
1004878932
1004878930
1004878633
1004878492
1004878394
1004878389
1004878339
1004878314
1004878187
1004878157
1004878120
1004877983
1004877977
1004877976
1004877955
1004877810
1004877770
1004877742
1004877732
1004877673
1004877627
1004877489
1004877458
1004877452
1004877397
1004877359
1004877326
1004877319
1004877165
1004877094
1004877060
1004877055
1004876739
1004876690
1004876584
1004876583
1004876472
1004876147
1004876057
1004876035
1004875885
1004875875
1004875787
1004875594
1004875545
1004875481
1004875446
1004875408
1004875407
1004875367
1004875284
1004875283
1004875229
1004875113
1004875112
1004875085
1004875081
1004875023
1004874973
1004874882
1004874857
1004874801
1004874576
1004874561
1004874498
1004874481
1004874430
1004874421
1004874416
1004874241
1004874230
1004874156
1004874134
1004874129
1004873980
1004873932
1004873890
1004873755
1004873745
1004873680
1004873646
1004873605
1004873487
1004873386
1004873377
1004873341
1004873328
1004873211
1004873096
1004873037
1004873035
1004873009
1004872941
1004872929
1004872913
1004872902
1004872874
1004872861
1004872807
1004872242
1004872230
1004872176
1004872156
1004872152
1004872080
1004872080
1004872080
1004916554
1004913768
1004909772
1004907707
1004906792
1004904623
1004904499
1004904030
1004903108
1004902036
1004901667
1004901209
1004900913
1004900769
1004900455
1004900307
1004899735
1004899661
1004899501
1004898781
1004898501
1004897484
1004895663
1004895616
1004895017
1004894294
1004894229
1004894212
1004893752
1004893575
1004893562
1004893555
1004893461
1004893095
1004892967
1004892824
1004892760
1004892697
1004892677
1004892612
1004892435
1004892401
1004892347
1004892159
1004892091
1004892030
1004891795
1004891591
1004891565
1004891431
1004891345
1004891343
1004891280
1004891216
1004891202
1004891185
1004891174
1004891134
1004891001
1004890875
1004890654
1004890603
1004890442
1004890374
1004890262
1004890072
1004889668
1004889656
1004889642
1004889543
1004889528
1004889169
1004889129
1004889067
1004889035
1004888911
1004888867
1004888792
1004888780
1004888748
1004888724
1004888723
1004888681
1004888680
1004888592
1004888591
1004888515
1004888417
1004888416
1004887924
1004887906
1004887902
1004887867
1004887838
1004887777
1004887724
1004887722
1004887690
1004887520
1004887443
1004887320
1004887247
1004887235
1004887206
1004887049
1004887036
1004887015
1004887005
1004886958
1004886898
1004886830
1004886744
1004886661
1004886648
1004886648
1004886321
1004886172
1004886095
1004886019
1004886016
1004886006
1004885987
1004885949
1004885922
1004885895
1004885761
1004885681
1004885649
1004885641
1004885607
1004885591
1004885499
1004885455
1004885376
1004885342
1004885330
1004885243
1004885191
1004885132
1004885089
1004885073
1004885029
1004885010
1004885007
1004884985
1004884927
1004884894
1004884858
1004884801
1004884586
1004884544
1004884521
1004884415
1004884359
1004884282
1004884259
1004884217
1004884129
1004883942
1004883925
1004883895
1004883894
1004883884
1004883819
1004883808
1004883786
1004883747
1004883673
1004883644
1004883557
1004883554
1004883516
1004883403
1004883380
1004883358
1004883344
1004883306
1004883101
1004883053
1004882985
1004882984
1004882834
1004882812
1004882772
1004882657
1004882623
1004882610
1004882595
1004882524
1004882496
1004882492
1004882480
1004882478
1004882354
1004882349
1004882134
1004882087
1004882028
1004881964
1004881952
1004881952
1004881952
1004881952
1004881952
1004881952
1004881952
1004881952
1004920919
1004920848
1004918797
1004918539
1004916554
1004916159
1004913768
1004912277
1004909772
1004908905
1004907707
1004906792
1004906669
1004905381
1004905322
1004905148
1004904963
1004904670
1004904623
1004904499
1004904169
1004904030
1004903108
1004902710
1004902648
1004902529
1004902246
1004902036
1004901667
1004901596
1004901340
1004901209
1004901138
1004900995
1004900931
1004900913
1004900769
1004900566
1004900455
1004900307
1004900277
1004900244
1004900006
1004899950
1004899912
1004899896
1004899877
1004899735
1004899716
1004899661
1004899501
1004899467
1004899457
1004899133
1004899119
1004899086
1004898826
1004898781
1004898699
1004898636
1004898602
1004898528
1004898501
1004898461
1004898139
1004897797
1004897745
1004897679
1004897677
1004897603
1004897592
1004897582
1004897531
1004897484
1004897455
1004897453
1004897192
1004897104
1004896935
1004896834
1004896728
1004896676
1004896667
1004896539
1004896409
1004896407
1004896378
1004896317
1004896120
1004896096
1004896079
1004895832
1004895663
1004895622
1004895616
1004895612
1004895545
1004895537
1004895520
1004895347
1004895304
1004895290
1004895240
1004895146
1004895139
1004895052
1004895017
1004894786
1004894734
1004894699
1004894575
1004894453
1004894302
1004894294
1004894229
1004894212
1004894162
1004894097
1004894021
1004893822
1004893752
1004893745
1004893687
1004893575
1004893562
1004893555
1004893550
1004893544
1004893461
1004893410
1004893330
1004893187
1004893184
1004893164
1004893095
1004892967
1004892824
1004892805
1004892784
1004892760
1004892728
1004892697
1004892677
1004892649
1004892629
1004892612
1004892435
1004892403
1004892401
1004892347
1004892335
1004892265
1004892265
1004892185
1004892159
1004892091
1004892030
1004891986
1004891795
1004891793
1004891599
1004891591
1004891565
1004891485
1004891461
1004891441
1004891431
1004891345
1004891343
1004891298
1004891280
1004891228
1004891216
1004891202
1004891185
1004891174
1004891134
1004891002
1004891001
1004890896
1004890875
1004890654
1004890631
1004890625
1004890603
1004890487
1004890442
1004890386
1004890374
1004890283
1004890262
1004890167
1004890072
1004889988
1004889929
1004889858
1004889845
1004889805
1004889805
1004889785
1004889764
1004889764
1004889764
1004889764
1004889764
1004889764
1004889764
1004889764
1004889764
1004889764
1004931450
1004929832
1004928980
1004927910
1004926791
1004924648
1004922370
1004921586
1004920919
1004920848
1004919630
1004918797
1004918539
1004917599
1004917193
1004916554
1004916159
1004915562
1004914265
1004914256
1004913768
1004913672
1004913413
1004913215
1004913199
1004912680
1004912277
1004911944
1004911452
1004911304
1004911150
1004910963
1004910495
1004910425
1004910155
1004910090
1004910038
1004909911
1004909870
1004909772
1004909738
1004909424
1004909415
1004909325
1004909142
1004909085
1004908986
1004908963
1004908949
1004908905
1004908861
1004908758
1004908643
1004908512
1004908491
1004908358
1004908150
1004908069
1004907835
1004907707
1004907554
1004907468
1004906984
1004906964
1004906861
1004906792
1004906735
1004906690
1004906669
1004906579
1004906420
1004906366
1004906283
1004906202
1004906151
1004905547
1004905512
1004905381
1004905322
1004905217
1004905148
1004904963
1004904843
1004904830
1004904726
1004904670
1004904623
1004904516
1004904499
1004904372
1004904326
1004904321
1004904200
1004904169
1004904165
1004904082
1004904030
1004903970
1004903607
1004903396
1004903196
1004903111
1004903108
1004902795
1004902756
1004902720
1004902710
1004902652
1004902648
1004902595
1004902594
1004902590
1004902584
1004902571
1004902565
1004902529
1004902479
1004902479
1004902412
1004902246
1004902197
1004902079
1004902065
1004902036
1004901791
1004901670
1004901667
1004901596
1004901538
1004901532
1004901432
1004901388
1004901340
1004901332
1004901238
1004901209
1004901138
1004900995
1004900931
1004900913
1004900846
1004900777
1004900769
1004900605
1004900566
1004900526
1004900455
1004900379
1004900307
1004900277
1004900244
1004900006
1004899982
1004899950
1004899950
1004899934
1004899912
1004899896
1004899877
1004899811
1004899735
1004899716
1004899661
1004899627
1004899501
1004899467
1004899457
1004899420
1004899323
1004899305
1004899238
1004899142
1004899133
1004899119
1004899099
1004899086
1004899052
1004899031
1004898904
1004898826
1004898781
1004898739
1004898699
1004898636
1004898602
1004898528
1004898501
1004898461
1004898320
1004898302
1004898200
1004898165
1004898139
1004897930
1004897855
1004897806
1004897797
1004897788
1004897745
1004897679
1004897677
1004897603
1004897592
1004897582
1004897531
1004897484
1004897455
1004897453
1004943570
1004941183
1004936183
1004932187
1004931450
1004929832
1004928980
1004927910
1004926791
1004926487
1004925657
1004924648
1004923302
1004923181
1004922992
1004922629
1004922370
1004921758
1004921733
1004921586
1004920919
1004920848
1004920247
1004919630
1004919592
1004918797
1004918539
1004918497
1004918338
1004917599
1004917424
1004917193
1004916554
1004916442
1004916427
1004916367
1004916159
1004916039
1004915999
1004915758
1004915678
1004915562
1004915540
1004915505
1004915381
1004915339
1004915294
1004915181
1004915083
1004915070
1004914868
1004914855
1004914832
1004914742
1004914607
1004914312
1004914265
1004914265
1004914256
1004914193
1004913940
1004913901
1004913768
1004913737
1004913672
1004913655
1004913630
1004913600
1004913569
1004913413
1004913243
1004913215
1004913199
1004912680
1004912651
1004912567
1004912505
1004912475
1004912277
1004912193
1004911944
1004911912
1004911774
1004911452
1004911405
1004911304
1004911259
1004911150
1004911100
1004910963
1004910742
1004910720
1004910495
1004910425
1004910357
1004910320
1004910306
1004910267
1004910155
1004910113
1004910094
1004910090
1004910038
1004909944
1004909911
1004909870
1004909834
1004909779
1004909772
1004909738
1004909722
1004909654
1004909560
1004909480
1004909468
1004909452
1004909424
1004909415
1004909393
1004909325
1004909191
1004909151
1004909142
1004909085
1004909029
1004908986
1004908974
1004908963
1004908949
1004908948
1004908905
1004908861
1004908830
1004908758
1004908664
1004908650
1004908643
1004908597
1004908512
1004908491
1004908368
1004908358
1004908302
1004908190
1004908150
1004908117
1004908069
1004908049
1004907973
1004907949
1004907835
1004907812
1004907755
1004907707
1004907669
1004907554
1004907542
1004907468
1004907269
1004907222
1004907195
1004907180
1004907067
1004907043
1004906984
1004906964
1004906861
1004906807
1004906805
1004906792
1004906751
1004906735
1004906690
1004906669
1004906626
1004906614
1004906611
1004906579
1004906515
1004906420
1004906419
1004906415
1004906369
1004906366
1004906283
1004906280
1004906202
1004906166
1004906151
1004906074
1004905904
1004905829
1004905812
1004905812
1004905812
1004905812
1004905812
1004905812
1004905812
1004905812
1004905812
1004905812
1004949956
1004948596
1004947663
1004946509
1004943652
1004943570
1004941183
1004940345
1004940045
1004936183
1004933401
1004932810
1004932187
1004931622
1004931450
1004931330
1004931277
1004930008
1004929832
1004929127
1004928980
1004928549
1004928042
1004927910
1004927880
1004927504
1004927414
1004926791
1004926612
1004926609
1004926487
1004926286
1004926052
1004925657
1004925441
1004925321
1004925239
1004924915
1004924898
1004924838
1004924737
1004924657
1004924648
1004924604
1004924420
1004923844
1004923727
1004923691
1004923605
1004923550
1004923335
1004923328
1004923302
1004923247
1004923246
1004923181
1004923140
1004922992
1004922900
1004922888
1004922885
1004922743
1004922629
1004922629
1004922602
1004922579
1004922389
1004922370
1004922248
1004921937
1004921892
1004921827
1004921758
1004921733
1004921718
1004921614
1004921586
1004921559
1004921386
1004921222
1004920919
1004920877
1004920854
1004920848
1004920779
1004920764
1004920754
1004920633
1004920607
1004920482
1004920429
1004920409
1004920362
1004920259
1004920252
1004920247
1004920227
1004920223
1004920203
1004920096
1004919887
1004919861
1004919755
1004919753
1004919693
1004919630
1004919630
1004919592
1004919578
1004919431
1004919289
1004919112
1004919079
1004919060
1004918797
1004918590
1004918539
1004918497
1004918372
1004918338
1004918281
1004918225
1004918222
1004918096
1004918013
1004917951
1004917766
1004917622
1004917599
1004917576
1004917557
1004917454
1004917449
1004917431
1004917424
1004917422
1004917271
1004917193
1004917113
1004917041
1004916707
1004916554
1004916554
1004916543
1004916458
1004916442
1004916427
1004916370
1004916367
1004916365
1004916318
1004916270
1004916256
1004916172
1004916159
1004916039
1004915999
1004915758
1004915730
1004915724
1004915678
1004915562
1004915540
1004915505
1004915460
1004915381
1004915380
1004915377
1004915339
1004915326
1004915317
1004915305
1004915294
1004915283
1004915181
1004915140
1004915083
1004915082
1004915070
1004914972
1004914868
1004914855
1004914832
1004914742
1004914739
1004914730
1004914728
1004914607
1004914418
1004914312
1004962255
1004954646
1004954147
1004953427
1004952986
1004949956
1004948596
1004947663
1004946540
1004946509
1004945573
1004945430
1004944067
1004943652
1004943570
1004941766
1004941183
1004940345
1004940045
1004939437
1004938719
1004937721
1004937227
1004936780
1004936728
1004936523
1004936183
1004935979
1004935742
1004935086
1004934996
1004934995
1004934196
1004934127
1004934046
1004934018
1004933829
1004933401
1004933383
1004933250
1004933159
1004933112
1004932810
1004932758
1004932626
1004932544
1004932340
1004932334
1004932232
1004932187
1004932067
1004931957
1004931662
1004931650
1004931632
1004931622
1004931450
1004931449
1004931396
1004931384
1004931384
1004931330
1004931277
1004930997
1004930946
1004930874
1004930758
1004930508
1004930415
1004930406
1004930245
1004930008
1004930006
1004929870
1004929832
1004929722
1004929691
1004929688
1004929595
1004929544
1004929412
1004929387
1004929307
1004929127
1004929093
1004929025
1004928980
1004928969
1004928690
1004928658
1004928570
1004928549
1004928445
1004928389
1004928303
1004928301
1004928284
1004928147
1004928042
1004928038
1004927911
1004927910
1004927880
1004927880
1004927650
1004927640
1004927602
1004927599
1004927504
1004927445
1004927414
1004927334
1004927324
1004927143
1004927142
1004927127
1004927080
1004926848
1004926791
1004926790
1004926729
1004926723
1004926613
1004926612
1004926609
1004926487
1004926465
1004926436
1004926394
1004926286
1004926283
1004926236
1004926167
1004926164
1004926052
1004926034
1004925967
1004925657
1004925638
1004925441
1004925426
1004925361
1004925321
1004925248
1004925239
1004925212
1004925132
1004925062
1004925001
1004924995
1004924995
1004924917
1004924915
1004924898
1004924879
1004924864
1004924838
1004924803
1004924769
1004924737
1004924657
1004924648
1004924604
1004924499
1004924420
1004924345
1004924320
1004924299
1004924247
1004924238
1004924128
1004924094
1004923968
1004923951
1004923844
1004923817
1004923755
1004923727
1004923691
1004923687
1004923618
1004923605
1004923561
1004923550
1004923435
1004923385
1004923335
1004923329
1004923328
1004923302
1004923247
1004923246
1004923218
1004923181
1004923146
1004923140
1004923039
1004922992
1004922989
1004922933
1004922933
1004962255
1004954646
1004954147
1004953427
1004952986
1004951778
1004950457
1004949956
1004949264
1004949109
1004948596
1004948023
1004947663
1004946731
1004946621
1004946614
1004946540
1004946509
1004946509
1004946491
1004945573
1004945430
1004945194
1004945056
1004944583
1004944148
1004944136
1004944067
1004943878
1004943768
1004943652
1004943570
1004943058
1004942929
1004942910
1004942650
1004942423
1004942120
1004941980
1004941974
1004941973
1004941766
1004941704
1004941562
1004941484
1004941412
1004941338
1004941183
1004941169
1004941056
1004940967
1004940944
1004940508
1004940345
1004940053
1004940045
1004939977
1004939947
1004939906
1004939751
1004939529
1004939437
1004939416
1004939357
1004939346
1004939184
1004939129
1004939104
1004939050
1004939032
1004939026
1004938832
1004938825
1004938745
1004938720
1004938719
1004938700
1004938631
1004938546
1004938209
1004938145
1004937887
1004937842
1004937807
1004937721
1004937626
1004937600
1004937555
1004937427
1004937360
1004937302
1004937299
1004937227
1004937119
1004937022
1004937003
1004936950
1004936907
1004936872
1004936783
1004936780
1004936728
1004936691
1004936588
1004936523
1004936442
1004936365
1004936279
1004936255
1004936235
1004936183
1004936182
1004935993
1004935989
1004935979
1004935943
1004935853
1004935742
1004935637
1004935621
1004935591
1004935425
1004935409
1004935378
1004935294
1004935224
1004935086
1004935055
1004934996
1004934995
1004934915
1004934867
1004934860
1004934851
1004934827
1004934768
1004934597
1004934424
1004934315
1004934289
1004934289
1004934242
1004934196
1004934127
1004934046
1004934043
1004934018
1004933997
1004933829
1004933784
1004933647
1004933541
1004933458
1004933401
1004933383
1004933369
1004933355
1004933289
1004933250
1004933229
1004933159
1004933142
1004933141
1004933112
1004933035
1004932982
1004932916
1004932908
1004932891
1004932810
1004932758
1004932703
1004932656
1004932654
1004932626
1004932550
1004932544
1004932440
1004932431
1004932340
1004932334
1004932287
1004932286
1004932279
1004932232
1004932189
1004932187
1004932156
1004932067
1004931957
1004931957
1004978472
1004978148
1004976835
1004974592
1004973589
1004971531
1004970404
1004968987
1004968227
1004968024
1004962255
1004959783
1004958332
1004957596
1004956229
1004955191
1004954646
1004954537
1004954147
1004954131
1004953842
1004953797
1004953762
1004953427
1004953092
1004952986
1004952876
1004952771
1004952614
1004952506
1004951778
1004951736
1004951692
1004951629
1004951548
1004951370
1004951324
1004951210
1004951013
1004950971
1004950959
1004950925
1004950633
1004950612
1004950467
1004950457
1004950218
1004950161
1004949956
1004949847
1004949405
1004949317
1004949264
1004949203
1004949109
1004948814
1004948814
1004948601
1004948596
1004948595
1004948395
1004948314
1004948176
1004948164
1004948113
1004948097
1004948023
1004947938
1004947663
1004947620
1004947600
1004947525
1004947271
1004947254
1004947251
1004947177
1004947127
1004946731
1004946675
1004946646
1004946622
1004946621
1004946614
1004946574
1004946540
1004946524
1004946509
1004946491
1004946380
1004946164
1004946039
1004945990
1004945914
1004945910
1004945868
1004945787
1004945699
1004945662
1004945598
1004945573
1004945555
1004945430
1004945391
1004945352
1004945318
1004945243
1004945194
1004945056
1004945016
1004944877
1004944608
1004944583
1004944525
1004944343
1004944304
1004944296
1004944260
1004944241
1004944148
1004944136
1004944087
1004944067
1004943949
1004943878
1004943869
1004943768
1004943684
1004943655
1004943652
1004943609
1004943596
1004943570
1004943449
1004943371
1004943290
1004943253
1004943058
1004942929
1004942910
1004942773
1004942650
1004942473
1004942423
1004942396
1004942319
1004942297
1004942265
1004942120
1004942030
1004941980
1004941974
1004941973
1004941956
1004941862
1004941804
1004941766
1004941745
1004941704
1004941625
1004941562
1004941484
1004941462
1004941460
1004941459
1004941444
1004941412
1004941338
1004941183
1004941169
1004941112
1004941062
1004941056
1004941016
1004940967
1004940944
1004940900
1004940899
1004940819
1004940731
1004940617
1004940591
1004940508
1004940421
1004940345
1004985213
1004981510
1004978472
1004978148
1004976835
1004975211
1004974592
1004973589
1004972389
1004971531
1004970404
1004969130
1004968987
1004968227
1004968077
1004968024
1004966479
1004965799
1004965797
1004965360
1004965148
1004963961
1004963936
1004963883
1004963795
1004963518
1004963301
1004963289
1004963076
1004962255
1004962223
1004962087
1004962073
1004961728
1004961700
1004961686
1004961214
1004961181
1004960863
1004960602
1004960203
1004960075
1004959847
1004959838
1004959783
1004959317
1004959313
1004959079
1004959038
1004958855
1004958835
1004958668
1004958602
1004958421
1004958385
1004958366
1004958356
1004958332
1004957897
1004957890
1004957596
1004957488
1004957445
1004957395
1004957238
1004957237
1004957108
1004956872
1004956808
1004956778
1004956734
1004956718
1004956664
1004956656
1004956580
1004956524
1004956229
1004956173
1004956135
1004955948
1004955875
1004955824
1004955808
1004955766
1004955760
1004955736
1004955713
1004955435
1004955390
1004955336
1004955305
1004955191
1004955178
1004955128
1004954871
1004954814
1004954734
1004954709
1004954646
1004954554
1004954537
1004954536
1004954511
1004954370
1004954304
1004954217
1004954180
1004954147
1004954131
1004954129
1004953944
1004953842
1004953797
1004953795
1004953762
1004953427
1004953371
1004953263
1004953185
1004953133
1004953092
1004952986
1004952977
1004952932
1004952919
1004952876
1004952771
1004952741
1004952614
1004952511
1004952506
1004952465
1004951778
1004951736
1004951692
1004951629
1004951589
1004951548
1004951541
1004951534
1004951455
1004951370
1004951324
1004951210
1004951013
1004950971
1004950959
1004950925
1004950694
1004950633
1004950612
1004950603
1004950532
1004950508
1004950482
1004950467
1004950457
1004950243
1004950218
1004950161
1004950098
1004949956
1004949847
1004949813
1004949714
1004949593
1004949577
1004949555
1004949494
1004949405
1004949317
1004949295
1004949295
1004949264
1004949203
1004949203
1004949203
1004949203
1004949203
1004949203
1004949203
1004949203
1004949203
1004949203
1005011316
1005003081
1005001483
1004998660
1004997071
1004993798
1004993345
1004992689
1004992653
1004991412
1004991320
1004988656
1004987746
1004986373
1004985284
1004985217
1004985213
1004984492
1004984210
1004982992
1004982110
1004981707
1004981657
1004981577
1004981510
1004981472
1004981396
1004981256
1004981243
1004981181
1004981017
1004980194
1004979890
1004979848
1004979124
1004978971
1004978782
1004978635
1004978561
1004978472
1004978265
1004978263
1004978148
1004978122
1004978102
1004977562
1004977507
1004977246
1004977153
1004976951
1004976835
1004976753
1004976570
1004976475
1004976429
1004976357
1004976215
1004976031
1004975980
1004975966
1004975899
1004975694
1004975460
1004975430
1004975333
1004975295
1004975211
1004975166
1004974996
1004974949
1004974809
1004974806
1004974774
1004974757
1004974613
1004974592
1004974562
1004974559
1004974398
1004974204
1004974160
1004974066
1004973992
1004973963
1004973867
1004973589
1004973492
1004973419
1004973377
1004973267
1004973247
1004973175
1004973114
1004972974
1004972873
1004972858
1004972756
1004972742
1004972721
1004972624
1004972571
1004972498
1004972389
1004972324
1004972152
1004972081
1004972073
1004972048
1004971946
1004971868
1004971864
1004971742
1004971741
1004971627
1004971615
1004971531
1004971302
1004971203
1004971143
1004970947
1004970907
1004970874
1004970860
1004970731
1004970729
1004970704
1004970583
1004970404
1004970360
1004970167
1004970126
1004969974
1004969847
1004969843
1004969817
1004969661
1004969644
1004969540
1004969466
1004969403
1004969388
1004969246
1004969169
1004969130
1004969044
1004969000
1004968987
1004968971
1004968935
1004968792
1004968629
1004968432
1004968351
1004968227
1004968211
1004968191
1004968125
1004968111
1004968077
1004968024
1004967969
1004967968
1004967858
1004967732
1004967533
1004967512
1004967403
1004967326
1004967148
1004967038
1004967028
1004967008
1004966942
1004966912
1004966837
1004966743
1004966685
1004966574
1005014216
1005011316
1005007675
1005003081
1005002313
1005001483
1004998907
1004998660
1004997632
1004997071
1004993798
1004993345
1004993114
1004992689
1004992653
1004992130
1004991412
1004991320
1004991100
1004991021
1005027443
1005019308
1005018743
1005015249
1005014216
1005013951
1005011316
1005009428
1005008761
1005007675
1005005638
1005004252
1005003382
1005003204
1005003081
1005002333
1005002313
1005001483
1005001483
1005001215
1005001063
1005000756
1005000544
1005000528
1005000364
1004998943
1004998907
1004998893
1004998660
1004998483
1004998210
1004998060
1004997868
1004997632
1004997590
1004997146
1004997120
1004997071
1004996952
1004996754
1004996475
1004996330
1004996228
1004996136
1004996074
1004996055
1004996002
1004995928
1004995731
1004995728
1004995711
1004995424
1004995316
1004995300
1004995244
1004995189
1004995090
1004994800
1004994523
1004994520
1004994020
1004993949
1004993798
1004993783
1004993778
1004993728
1004993525
1004993426
1004993345
1004993168
1004993114
1004992958
1004992920
1004992689
1004992653
1004992616
1004992505
1004992231
1004992130
1004991898
1004991785
1004991660
1004991658
1004991537
1004991412
1004991320
1004991320
1004991250
1004991100
1004991021
1004990951
1004990627
1004990391
1004990334
1004990279
1004990204
1004990008
1004989867
1004989838
1004989835
1004989723
1004989692
1004989652
1004989608
1004989551
1004989543
1004989540
1004989443
1004989328
1004989295
1004989178
1004989010
1004988889
1004988757
1004988656
1004988569
1004988483
1004988317
1004988267
1004988251
1004988102
1004988097
1004988096
1004987980
1004987966
1004987914
1004987764
1004987746
1004987593
1004987532
1004987446
1004987444
1004987355
1004987305
1004987261
1004987258
1004987252
1004987223
1004987178
1004987004
1004986720
1004986637
1004986615
1004986614
1004986552
1004986460
1004986427
1004986373
1004986245
1004986234
1004986213
1004986212
1004986092
1004986079
1004985945
1004985815
1004985709
1004985674
1004985637
1004985399
1004985370
1004985367
1004985329
1004985329
1004985284
1004985250
1004985250
1004985250
1005040268
1005033217
1005027443
1005025416
1005021045
1005019308
1005018743
1005016992
1005016116
1005015679
1005015657
1005015249
1005014216
1005013983
1005013951
1005013683
1005011963
1005011869
1005011591
1005011316
1005009428
1005009276
1005008761
1005008684
1005007984
1005007675
1005007664
1005007626
1005007200
1005007003
1005006367
1005006338
1005006159
1005005698
1005005638
1005005582
1005005512
1005005149
1005005060
1005004809
1005004799
1005004789
1005004482
1005004467
1005004332
1005004252
1005004241
1005004095
1005004073
1005003917
1005003865
1005003557
1005003513
1005003382
1005003204
1005003119
1005003081
1005002852
1005002766
1005002718
1005002716
1005002656
1005002333
1005002313
1005002073
1005001964
1005001873
1005001694
1005001483
1005001365
1005001360
1005001215
1005001155
1005001063
1005000756
1005000658
1005000544
1005000528
1005000515
1005000459
1005000458
1005000414
1005000406
1005000372
1005000364
1005000046
1004999851
1004999779
1004999582
1004999555
1004999323
1004999241
1004999128
1004999097
1004999074
1004999040
1004998943
1004998918
1004998907
1004998893
1004998830
1004998773
1004998660
1004998584
1004998483
1004998431
1004998396
1004998264
1004998210
1004998158
1004998060
1004998035
1004997968
1004997929
1004997868
1004997632
1004997590
1004997518
1004997501
1004997500
1004997449
1004997408
1004997370
1004997238
1004997210
1004997146
1004997120
1004997087
1004997071
1004997066
1004996972
1004996952
1004996911
1004996911
1004996825
1004996754
1004996665
1004996630
1004996600
1004996597
1004996513
1004996475
1004996415
1004996352
1004996330
1004996314
1004996228
1004996218
1004996155
1004996136
1004996074
1004996055
1004996036
1004996015
1004996002
1004995928
1004995857
1004995735
1004995731
1004995728
1004995711
1004995631
1004995574
1004995472
1004995424
1004995388
1004995355
1004995316
1004995300
1004995286
1004995244
1004995194
1004995189
1004995090
1004995072
1004995059
1004994978
1004994972
1004994961
1004994821
1004994800
1004994800
1005048454
1005045351
1005040268
1005040064
1005040054
1005039835
1005039205
1005038827
1005036862
1005036359
1005033217
1005029665
1005027443
1005025416
1005024700
1005023928
1005023620
1005021958
1005021091
1005021045
1005021040
1005020667
1005020375
1005019823
1005019439
1005019415
1005019308
1005019268
1005018937
1005018786
1005018743
1005018590
1005017701
1005017418
1005017244
1005016992
1005016336
1005016116
1005015948
1005015883
1005015824
1005015788
1005015679
1005015663
1005015657
1005015521
1005015504
1005015382
1005015249
1005015193
1005014933
1005014786
1005014650
1005014485
1005014216
1005014134
1005014128
1005014086
1005013983
1005013951
1005013842
1005013751
1005013683
1005013652
1005013532
1005013301
1005013222
1005013171
1005012680
1005012498
1005012451
1005012050
1005011963
1005011869
1005011839
1005011797
1005011688
1005011621
1005011591
1005011535
1005011499
1005011401
1005011316
1005011057
1005010927
1005010901
1005010864
1005010741
1005010556
1005010540
1005010521
1005010454
1005010397
1005010315
1005010296
1005010224
1005010202
1005010180
1005010042
1005010002
1005009966
1005009817
1005009699
1005009569
1005009428
1005009281
1005009276
1005009259
1005009172
1005008863
1005008783
1005008773
1005008761
1005008757
1005008684
1005008663
1005008644
1005008573
1005008525
1005008427
1005008275
1005008209
1005007984
1005007873
1005007675
1005007672
1005007664
1005007626
1005007453
1005007341
1005007299
1005007266
1005007226
1005007200
1005007060
1005007025
1005007003
1005006999
1005006989
1005006727
1005006698
1005006677
1005006662
1005006560
1005006483
1005006463
1005006408
1005006367
1005006340
1005006338
1005006287
1005006163
1005006159
1005006081
1005006028
1005005953
1005005877
1005005698
1005005638
1005005620
1005005582
1005005540
1005005538
1005005512
1005005149
1005005130
1005005060
1005004936
1005004882
1005004849
1005004809
1005004799
1005004789
1005004743
1005004542
1005055636
1005053681
1005051246
1005049183
1005048454
1005045351
1005040268
1005040064
1005040054
1005039835
1005039205
1005038963
1005038827
1005037609
1005036862
1005036359
1005034518
1005033342
1005033217
1005032146
1005031784
1005031487
1005031149
1005030909
1005030375
1005029732
1005029676
1005029665
1005029352
1005029295
1005029043
1005028889
1005028821
1005028605
1005028462
1005028445
1005028412
1005028311
1005027443
1005027377
1005027150
1005027139
1005027127
1005026947
1005026573
1005026406
1005026268
1005026249
1005026010
1005025760
1005025569
1005025540
1005025462
1005025416
1005025354
1005025049
1005025030
1005024992
1005024992
1005024734
1005024730
1005024712
1005024702
1005024700
1005024659
1005024491
1005024335
1005024326
1005024126
1005023988
1005023963
1005023928
1005023873
1005023757
1005023620
1005023510
1005023365
1005023253
1005023186
1005023150
1005023046
1005022951
1005022914
1005022847
1005022840
1005022470
1005022467
1005022270
1005022132
1005022080
1005022078
1005022005
1005021958
1005021806
1005021673
1005021199
1005021091
1005021085
1005021045
1005021040
1005020929
1005020784
1005020777
1005020676
1005020669
1005020667
1005020545
1005020375
1005020322
1005020316
1005020263
1005020249
1005020241
1005020065
1005019836
1005019823
1005019821
1005019776
1005019762
1005019743
1005019636
1005019631
1005019519
1005019439
1005019437
1005019415
1005019397
1005019308
1005019268
1005019234
1005019130
1005019051
1005018937
1005018812
1005018809
1005018800
1005018786
1005018754
1005018743
1005018681
1005018670
1005018590
1005018586
1005018523
1005018441
1005018259
1005018218
1005018167
1005018013
1005017992
1005017703
1005017701
1005017627
1005017502
1005017418
1005017407
1005017244
1005017187
1005017132
1005016992
1005016938
1005016851
1005016720
1005016683
1005016617
1005016470
1005016451
1005016336
1005016332
1005016153
1005016116
1005015948
1005015883
1005015878
1005015864
1005015824
1005015805
1005015791
1005015788
1005015733
1005015679
1005015663
1005015657
1005015521
1005015504
1005015493
1005015382
